26.72583273433333
12.911404128850759
19.01014504225429
10.336864133276396
14.619165919843507
9.437167528593873
30.51974507390144
17.80721044523005
35.820477743537566
11.502815627407006
21.109813322424348
21.4482784696432
30.926321020541984
30.863681591946555
13.139286539173991
15.518349214972728
12.441066695274174
20.92210464200649
22.243868415570915
11.081115793592325
18.353421953969814
17.86908933593823
15.040930508095558
14.1581814577699
12.635805202972787
20.82980668802206
39.386808239588994
41.90649573871763
27.204825575332556
30.80350424562154
15.989165565245118
29.150339287247107
14.285137647788629
24.252265104226435
16.969273293406882
13.696858326701323
23.09158578656356
22.59982722321937
29.955900590227746
18.290234446119882
18.68122359210712
17.01900255187862
16.90232208714776
17.247822346529667
22.127689105641576
17.896711151559614
7.985917394728955
12.936372540039622
17.542782894413747
20.44602064447273
15.891481663801985
25.240121435582637
19.077694120200146
11.452672202758626
9.045243721479325
16.453658026604625
17.802748862407
22.09167595361938
17.014457551445286
13.190377065418906
18.66820653985096
8.906563539177172
23.441438938397358
26.72583273433333
16.396512448493393
21.905660265232548
18.877589609841387
5.1049610096656775
34.441363433748144
20.332180210804985
14.751413427198436
34.51346840798472
19.487430800839103
10.631405532544159
19.58433519362848
22.86999644856819
19.825844950760818
9.85649699525593
14.957591807931708
19.103274659560977
39.28250852439279
24.31335693805995
15.53571442879271
12.231458182674292
16.436716510247802
12.83202036680999
15.481292092563631
24.679221109753406
22.293580104436472
24.47343767900482
14.955061643167372
28.16427055420372
15.255063560997648
24.56947508037559
10.575279422419097
15.297812610497601
15.148758425672114
21.716870333103014
19.08860784121035
16.63805821234244
16.930241250172497
13.942217927700433
11.43178004217559
15.22438762995508
14.774556578910213
13.265287909909016
13.642612124799758
14.88635881197508
17.588224571780426
20.06101058288433
16.584370862401347
15.262947024948142
16.503229127029584
18.73536047944402
21.682440168498005
22.30418018677581
24.556976924891003
20.937619397661358
14.945993805903074
17.032184706326507
15.280086432787055
21.01182449174592
19.988335965110917
20.75325290224498
17.533800177830802
21.842294947010007
26.435337030475687
24.790461803961485
14.423371674141894
17.315312074038864
20.978229000836592
15.062776586168937
15.633641966866694
32.4498654684688
31.343960172142822
22.994777249500874
15.400323298904564
14.717348892107509
31.96676166015824
18.902425235251254
19.630688079775076
20.28528908618903
24.991783853174052
18.118330055813864
10.340427248845012
10.411486509490583
32.127595992183146
35.39488400959712
11.291480053341541
17.28282459352084
24.883230212863243
23.95576326951811
15.383412598851882
18.787937750210222
19.92290845293793
26.189639631721864
39.970746554789365
21.37502188523896
16.986402927047564
29.234806792820255
20.923987615363057
20.10828552210496
16.71637399112803
11.83939376025331
18.96787622075257
9.973999675224231
30.839858587094753
45.43169255353087
32.428865430035366
21.07359871090199
21.329453320875377
31.027085781826923
13.751392104856446
21.055113538950287
23.510540278669325
22.5819530115159
24.892613644862184
25.018912112435466
35.41550402309709
27.203392128590604
20.846294550377433
8.616373345833445
25.348586018184758
27.55220201855324
35.69258958913302
28.964817896295898
23.30937238318894
22.85581719727759
35.21774381416327
26.34255443388591
31.123361741748454
12.57768314677208
20.918314701500993
11.37888490944431
25.834309841725275
11.795343379881215
9.305125156188865
17.41100477153735
13.0704778037348
20.669846378644607
32.295190528144005
17.36364531673134
23.162064381657075
30.159942162112305
18.01980570792089
29.033750902126034
14.967574809368761
11.192639828767929
19.69195392016891
11.022619513779093
47.23608931752314
13.040397070553675
14.891129403285428
11.848505904966238
18.557679562815643
21.0174435742084
21.951986334466667
36.42311883784266
9.548022650448507
22.786674053924873
20.618915682764243
7.270763284930332
12.07326945821547
8.388372277822695
36.05588631301904
9.732215990308895
9.960289320963577
22.346727273226808
21.1866671041823
18.529257716701785
18.664977216512124
16.47514029069912
18.65399505399903
15.13778684732382
18.05691510637218
12.1074513499381
11.796428380813156
17.449731088350074
44.22718399650619
15.348019494273686
15.97737839804651
12.105658832044632
12.438667874141808
26.95855255260526
30.187659546909163
34.30268929495255
13.330140515564958
22.988270842305642
16.312252545629892
29.875591227578578
14.892405532430425
44.941627788823965
14.913587561743071
27.294192509676865
25.695331478123997
38.45215853095161
32.88805356150957
16.79924775419412
13.472992196981927
22.913731687057634
25.280428728654964
20.26750553770402
28.157450281314134
24.767981745508493
26.51686699700913
25.860531836273907
19.7156544520495
16.27034710462261
15.586815222765086
16.498857469637446
19.880381348130296
12.793232591656219
19.80622025673485
10.759102346200713
8.388372277822695
17.25936066960689
23.307337167067725
18.544715597028198
15.9839846730236
31.013421634493927
34.408692332781406
12.996831454628886
22.31248773397277
13.671733040805973
31.29617314269943
10.608109366375754
33.52487893297938
8.388372277822695
12.12861565685178
16.180696578272
10.127278921074678
8.517061380774608
8.736693230061942
10.370110286823424
28.966842646259103
23.502451755544424
41.26188114978686
7.628126864071894
12.442208863363671
29.521955030447835
15.810874000189369
20.930808770753572
8.248198389380304
16.222495237456904
18.338536167584152
26.538314910752504
29.18158031862573
29.305884507857307
13.936263553028573
17.93278254702023
30.309661202358505
39.02796796376548
23.910114477712007
15.526141340285314
25.814693215287754
18.430639843721913
13.65050111658531
11.8774212066702
40.047973709540734
13.45848761850283
25.030893626141044
20.940845631933566
18.72530327523801
33.89739544093916
30.87221027166991
11.91990647163524
22.45338672748557
13.340414041499216
23.216583559160206
30.277828093465654
10.284098643355112
27.498397983472152
12.21169460256235
29.3768181000177
10.626072643865566
23.27229323809184
27.089831949065285
20.061834528531186
17.149552565386323
15.025849709632027
18.087299926216833
17.46068996276109
10.539954154334964
18.017616301560807
14.082642914614938
38.435608393828986
25.48558821239032
27.647861455858443
12.068006721389494
13.659165706809368
17.547557597938113
43.80388287122451
17.852545116778987
31.311763906011763
29.152813879917677
31.313265631807305
15.027487283980122
14.74655289896594
18.629816560371474
17.551897011553255
19.48660878268743
10.41493449980623
16.438764627389865
15.264344958315654
31.872430564248766
18.422711233733626
20.669198926346088
18.110487002423913
7.900278448774035
35.60583559880777
20.91659968019525
15.023255719518522
39.44218355876865
13.129153186136776
9.811949680481874
26.167382657140767
13.433384398885824
36.28821250591161
36.70325556756098
17.041952747486093
38.26016298550433
13.777008919123341
18.75358077647397
32.47073310724703
31.771475383551838
22.44339779217645
18.84393221671832
24.514486535474656
25.691516990801418
18.61480845530001
20.99175635050709
13.215123403189269
27.191077809968466
12.023610142351403
16.734653472933896
29.41706980551393
14.752380916975305
22.760969502947432
21.423346865086767
26.171453622609715
11.609431700742695
7.885426286686695
25.116256093408886
34.177605976639185
16.21375568538068
29.707179000449877
10.960845339336698
17.55879995632856
34.78460705028554
17.843155370982434
30.700896009338994
8.747524672560646
25.69656735598303
25.09327077357097
38.216048547333344
19.65494528839117
9.154030983646079
30.605772323955428
16.310727250061465
17.53074617537572
20.251247896350947
35.284329233609775
10.458080695373924
46.39473903798185
8.99680671165863
17.055858460053976
24.620709516157085
22.173335436876176
31.43352702620156
20.59038094484942
22.183237884945125
23.091993333584416
13.434816720229803
15.10973884956119
10.252145689395364
21.29077472886715
21.707267722695555
39.8294770287491
13.2644270776463
21.050413197958424
37.10802263397114
18.5672074352908
23.088175179598803
17.134598958088525
15.795967807907951
13.907524870704968
11.642170294835553
14.949517764088288
21.978507412460964
21.972342973290782
25.870343137166238
28.05957121034994
24.250114712538032
31.02253341408177
16.03362713379503
16.666768773055455
48.73552911416016
22.725085962887402
14.036105461681181
15.584909853770794
19.972746038519144
15.935650179010429
27.2643714362912
29.31930903335162
12.511361434335655
18.04800061784889
28.412702204264125
25.005474939105145
16.820111771335394
12.667871088228344
23.593076377019774
25.512583500076087
25.90762328588486
19.10897118925159
19.37281038379828
40.00782252974415
21.868499422408792
19.613328155322932
20.343793064452537
31.160776938487707
23.146536706236382
20.093463307878523
27.89157491909631
12.805754357380914
31.021089970498732
21.96222138041088
21.840081142053737
40.61788594545906
25.56878647672113
26.764146110403257
14.645592533521159
22.775120819033745
30.737435663677505
24.000290766854864
41.13755655487465
26.054429829364086
25.057116792219226
30.89780643471765
9.218195638983238
18.32943729614904
23.441819587235184
14.8929707534528
11.944275191589421
40.363536092583104
13.284727674842797
33.68675773045704
32.79407114836804
18.981658343647684
35.6625990382101
17.338224372534825
25.684910250267386
19.995786524985025
15.946375684721623
28.02942401688459
43.823883867448416
24.67350304462344
15.114887351822052
13.106748733321911
21.311763675186597
28.277578098789693
27.93193048448075
17.773530686739463
24.49851538402899
26.806593600283698
24.62551454778983
24.58216867985461
15.456324331308483
19.209667501757625
17.08634095008238
27.995692529689187
11.825720612205695
21.949868465896724
29.414639734449466
9.969987291869876
19.515916238470737
29.109145492213003
20.148888364260813
30.89978273815531
20.514595341970704
28.2872430903077
9.607107307370478
32.445609553279354
24.15478545974153
28.892067804500932
13.940205303662914
13.461691273387894
33.93791939554105
18.368639711502734
21.247476592323824
30.051517292784567
15.067137908112452
14.422453952541149
19.509795306117404
16.272185255151065
17.18551956679849
13.46202928477434
36.72771052429061
16.757747142577
16.76754739389809
23.92663923696814
16.641926982025463
25.417186846617437
30.440500835962386
38.18220558665396
10.869788117647909
25.707273489456036
12.339679679505004
12.9546237691556
24.9046146337522
36.16642182655946
19.452698703375372
8.315967169308406
16.904813118105107
17.00418464363332
26.81674890647413
43.51900760074211
19.93779505327855
23.46917955964871
30.12572197803797
15.765295131709339
32.90652321473281
18.247605912239862
33.04539391645451
24.17085688304839
28.795700365715323
23.87457342737
43.74805530793447
15.799220937334455
19.742750095064466
19.36826739675145
31.00996731912506
22.65521958282848
15.720333455832574
22.333929809904664
16.276612345188052
11.334890129652036
27.116456936414654
41.087288356065386
34.22001785908151
28.26255504653641
21.17803518859218
34.11006479577099
15.585767567603678
26.293496847642082
16.130828052266505
16.71737304471419
30.88321594231559
27.04003600256804
13.985379883789664
12.685724527124155
18.141391119577325
20.033023367001025
48.66077047416025
20.53538494359971
23.64152777412001
22.345305712179098
24.234491700173937
27.382395738457813
21.57479893627419
16.62758811945724
20.58941843155617
18.299107660778926
12.168581128841591
15.831541967749265
30.6564526060562
16.531232622716235
26.302728683081142
22.454891316209277
40.05008438846179
27.13062719133494
20.868877908828786
18.096361014694985
19.22084421624953
29.411454926585897
16.568245537496566
19.46693311408713
21.581409291798035
24.18968312562184
35.91006963829781
20.779979549883492
25.026471672831626
35.16632254768652
32.37715949497031
18.3677721872623
30.31800587436584
35.67707477963838
32.99365551651976
35.68643879540952
27.43455900621465
27.50678932015975
17.938524017227994
17.63624278585775
13.263926433320455
25.552538917057042
29.113047334758942
17.556279442883252
33.50539692908217
18.174291888297972
19.848495154925732
19.470124370555624
27.129557443075505
19.210320929573925
34.37328069066699
29.09342718422076
31.305756843963152
15.574819302741064
21.392351172508025
8.425437459307929
20.210114431720324
41.196549494070055
20.84730826881651
36.82917058411989
17.854977807678136
30.182917581142675
26.622668524408247
30.08393066053882
37.55709937586502
28.23239568015059
19.238487565879442
26.84349626795339
23.865230841252988
30.61333657546643
16.79106992295409
17.24250802161752
22.427196538138883
20.94605143254196
24.928790878360097
19.703518032066246
23.236729396584995
31.34367173410336
17.97004947377431
40.13293660633152
19.08751037357589
32.79625597538215
13.625757522452988
32.92644977759053
31.025914561442608
17.491119591921215
28.481923505497615
21.194811878044245
11.420388894368521
11.987646391808152
28.856643621471754
21.618332702412495
18.819032736214698
17.8554588121138
17.59829251139664
16.224216693129375
14.251197808074084
38.10809877999481
18.266715619227497
25.461673866162098
31.722786738897177
31.014547665440258
13.004426793551737
29.792888243761244
13.954436454756605
33.81297265268822
22.77735922013522
21.63092832992977
29.078242262766253
30.84520333652426
18.88398768597233
33.30283127219702
20.07817977840446
33.43539937639743
28.623000239994123
16.974880306797864
24.28550667873749
21.308840037239044
28.665627848562643
30.02982482275436
12.481663125883907
28.178886437623152
16.740158074320654
15.557757473887907
22.91283636033863
15.68062518192871
34.361124136901445
32.51693655617769
15.807531762573449
24.18908714146352
35.22482475033887
12.933254589908632
18.707814680073707
15.762927590437648
17.313144382496713
40.07936961558044
13.539885708851607
30.3015003785335
8.524056833618708
32.5717633922542
19.827236936782107
17.899851191420634
19.348298198975957
17.51087452787906
22.854032545057926
29.464704203937032
29.275814713973
24.62371067413877
12.529796849257094
16.18106845948296
30.69736612265096
21.040487528437264
16.490391883747037
25.039278835359774
30.586786856370612
34.85455660582312
12.564697885632134
20.026442807790584
18.348079019449123
31.99563553253898
19.60690433551785
34.43710741478846
29.09857645011885
29.497905556198386
14.375757133018574
17.019728781447302
20.817363007964616
14.49055010551104
20.532923440133793
12.496906683317702
21.445920409206803
13.97815042116289
19.774216124566184
22.26021421848677
30.14583375641928
21.022757630551645
28.691206115463775
21.361308787560393
22.80671765461646
21.338166593435098
13.57905773293633
24.11365023302264
25.053732746062302
23.96703646273
16.589615439299628
21.27145549172157
22.653141024217696
10.62184526762584
12.899586632531488
18.91344803069103
30.731134963298082
11.911754460186954
45.235480361129866
15.607047456783292
19.4250229526848
26.753978872228306
17.934957420246846
28.09217408990541
28.834338153969814
20.153163708081564
12.169897385161763
28.3875522797497
15.596494910007985
10.300358208180079
27.632942374357107
20.402993567001882
21.099799474485657
32.210436229888344
15.420512317696577
28.1413992640583
19.584972408195018
19.572260118874055
28.3351580247465
26.033157560945533
19.969286677077154
13.789490386529167
27.952915067128647
21.86763444223767
11.33007036411409
16.46917417923726
21.750415077082817
19.071255919835345
15.889091277326653
28.358060643185752
27.10666543822508
34.08560642501068
21.80364350155875
36.06162624229968
21.58325967755781
9.726597275818435
19.225091392259895
30.62744932531371
27.166980012869747
23.145061320965237
10.884920582254978
21.599245545467358
25.542315807032995
9.869265415191846
17.04778718102929
20.098316405244596
14.799140889793385
14.725121325138652
13.805052148360325
18.8784492601545
16.300665492181857
19.531303065716358
21.211065556901932
19.743887722271275
21.275810233219595
31.57664965708008
26.018285948510233
14.118879466290263
16.501842153258885
21.2089829940072
25.855110925177065
21.34795457548505
19.2402162387169
30.68830039764889
25.072994533632766
24.29009180698361
25.16872631729493
28.202502550962887
18.187201046448788
23.088175179598803
27.110994734774373
24.679943791423835
33.37910124899803
27.29062454718348
19.200382941813185
14.238030587278233
26.158099819526555
22.028450502064338
29.25487532538644
24.88802537758648
27.656251283677054
29.482655334600995
31.713291192767315
19.824849476021026
15.52923301825472
13.864677821322054
17.27602658336971
17.80098469244563
16.65730673115183
12.754600263024471
16.856778469558513
19.896254853063265
11.758333090684626
36.25602149280698
20.38763251734278
24.390001018333404
21.533339035610098
14.1642176601765
28.292191309620396
33.059574797252296
31.248938618963617
47.55401757592702
28.985662541315573
23.633795382035192
37.88157059427065
23.371678284385993
16.06631185088078
26.715633956807128
20.852356166006942
35.728937057318134
37.4721632712392
26.872971485470643
32.040130360306094
44.41373348873757
13.507875160885483
21.582356745573453
22.889391119269792
27.11289721945379
19.15694925013164
30.011863209835255
25.906598472608337
14.177676321022318
14.19789506922486
33.67223129652482
11.555984464374673
26.594616940647466
39.0038502347695
17.901762744664463
21.841517778860602
33.1584333951542
31.7247249597296
18.249547180610968
33.22944742465271
16.665776266326315
21.927133762927696
11.753785216126918
25.933534665031498
41.43896270998197
14.069794769952862
11.420181870026488
19.55246879627445
9.207755151608856
26.302956813476044
23.047899187862004
19.467583786186943
28.644169091704523
18.040908853670597
37.371804882756315
29.705047603230952
22.95527873231233
20.34993531615148
24.98421874207307
18.895898188463995
12.766764418260221
13.02186049822859
18.285721726104462
17.145640781537143
27.44644533580708
41.35995113882882
22.027226367590032
12.889467188989745
13.067504485416762
21.850410929309273
49.22712430509475
11.214432676182058
20.175478240698425
23.67584683798997
29.349256870915273
21.018874723580403
18.363767352704965
23.46830298741302
17.939207989075204
15.790080885251653
28.40496720695524
18.027800166303685
53.21524158581949
29.810769524591095
16.04279731806417
27.658001964027243
15.123692807276534
25.533361931604887
43.158873529908725
13.477087082504761
17.60917549798384
14.20761208367897
18.296582221218966
14.691312670912946
20.52028252529762
15.13287459955255
23.752978741120845
24.98689943753711
16.95213677007757
14.494369050180419
20.08701240355987
24.763705273799495
10.620783245303636
32.589725238960085
28.45422059138026
18.229189002254845
23.978818776285422
20.916076531514655
35.85929554156203
27.638141044577083
11.343524682468919
20.098951866335536
8.924631160762079
17.165746267637488
23.478083654452856
21.008400745763065
22.795381188170428
10.377073562490216
15.179760101326465
19.29087459414749
16.882942525471684
13.615921605419782
13.358026704039736
19.457071441062908
6.927487287744156
13.736256812570904
18.03655474621329
30.888599093117488
11.323592818696836
19.3997861261494
27.526437855990984
10.038185904555363
7.56760335600745
11.596040901268415
15.899500152235897
23.184279980198585
17.839812291237827
22.199082914146775
29.108764386483738
15.966379563080789
24.170969641177596
20.09681268275898
15.360591222462189
13.432445676449857
20.941753961882537
17.175110530162105
30.1388411010446
27.77891746478563
13.139612972869378
16.256733845512432
16.155347502234985
27.35306108937537
23.256802369056373
24.922371829123424
16.89402889181818
18.282398259884772
23.556864337144944
29.437563096942622
29.21078571662472
24.377741527082637
21.845790746119025
14.147407737667702
20.721880590054262
21.221031159883896
15.346293349282655
13.896676911715346
19.616680820619603
18.97563227164143
15.147333624585949
15.144411522038764
46.6488331090454
23.641582262277286
17.288504354502315
30.535116420477273
20.288072760901464
21.09796044580838
14.086408335766468
43.03200276690566
10.678512732830294
20.257389420270748
12.956186879770712
20.757087835177607
12.804833572588596
19.545369632624837
12.157119941434289
36.13458138378572
19.38788828697913
27.61895402430329
23.388260594232193
11.823116129360388
23.217250603260812
18.360088901085337
16.502117663491642
22.350167068111002
31.59381224380899
30.979575740869134
17.07216284077206
12.606429797625454
27.599628608794724
14.937652049612188
27.52260445874046
10.570364529816006
31.821490951146888
24.229165232787384
27.64307189659474
22.54613780085945
9.507463585025972
24.19403076579172
15.937260910276843
35.156764360719194
12.30696002389553
25.23256090661828
46.24260519903197
17.541588359959633
10.384153769099328
11.298929507998036
25.18443272256144
30.897128688475597
24.34647777501509
18.03857085199097
24.70305660216099
29.11734866544749
26.929320155148844
14.713747457517611
20.472307298792593
29.252017844401582
26.761377669575307
13.870417619277092
14.814662721226494
22.58420742053659
24.16836585646022
20.849284687441585
31.579865324523023
24.371052523663646
25.107238427774995
15.155165448511584
19.83574680892712
10.861988935806759
19.689213958984848
25.763431681026976
23.742155942456517
14.37414141271886
19.16912297891106
26.466697816421068
12.803251876987497
14.86873563058025
15.779737558621953
24.982003160798296
20.548611972270233
30.841424364200456
30.587217239733086
12.791777844558329
17.376456257644858
10.472611164846898
20.942510888740266
25.515053526543003