6.953243334287785
8.051855622955895
8.051855622955895
8.051855622955895
8.051855622955895
8.051855622955895
8.051855622955895
8.051855622955895
8.051855622955895
8.051855622955895
8.051855622955895
7.358708442395948
8.051855622955895
8.051855622955895
8.051855622955895
8.051855622955895
8.051855622955895
8.051855622955895
7.358708442395948
8.051855622955895
8.051855622955895
8.051855622955895
8.051855622955895
8.051855622955895
8.051855622955895
8.051855622955895
7.358708442395948
8.051855622955895
7.358708442395948
6.953243334287785
8.051855622955895
5.279266900716113
8.051855622955895
8.051855622955895
8.051855622955895
8.051855622955895
8.051855622955895
6.953243334287785
7.358708442395948
6.953243334287785
8.051855622955895
8.051855622955895
8.051855622955895
8.051855622955895
8.051855622955895
8.051855622955895
6.442417710521793
8.051855622955895
8.051855622955895
8.051855622955895
6.10594547390058
8.051855622955895
8.051855622955895
6.442417710521793
8.051855622955895
8.051855622955895
8.051855622955895
6.953243334287785
8.051855622955895
7.358708442395948
8.051855622955895
8.051855622955895
8.051855622955895
8.051855622955895
5.4869062654943574
8.051855622955895
7.358708442395948
8.051855622955895
8.051855622955895
8.051855622955895
8.051855622955895
5.4869062654943574
5.653960350157523
6.953243334287785
5.749270529961848
6.442417710521793
6.953243334287785
8.051855622955895
8.051855622955895
7.358708442395948
8.051855622955895
8.051855622955895
6.260096153727839
6.953243334287785
8.051855622955895
8.051855622955895
8.051855622955895
6.10594547390058
8.051855622955895
8.051855622955895
8.051855622955895
6.953243334287785
4.026503932220745
8.051855622955895
8.051855622955895
7.358708442395948
7.358708442395948
6.953243334287785
8.051855622955895
6.260096153727839
8.051855622955895
8.051855622955895
8.051855622955895
8.051855622955895
8.051855622955895
8.051855622955895
8.051855622955895
8.051855622955895
7.358708442395948
8.051855622955895
8.051855622955895
8.051855622955895
8.051855622955895
6.953243334287785
4.525495098339732
8.051855622955895
8.051855622955895
8.051855622955895
8.051855622955895
8.051855622955895
5.653960350157523
8.051855622955895
8.051855622955895
8.051855622955895
8.051855622955895
7.358708442395948
6.665561261836003
8.051855622955895
8.051855622955895
6.442417710521793
4.832979798087694
8.051855622955895
7.358708442395948
6.260096153727839
7.358708442395948
6.953243334287785
6.953243334287785
8.051855622955895
6.260096153727839
8.051855622955895
8.051855622955895
6.665561261836003
8.051855622955895
5.1074166437894535
8.051855622955895
8.051855622955895
6.442417710521793
6.953243334287785
8.051855622955895
6.665561261836003
8.051855622955895
8.051855622955895
8.051855622955895
8.051855622955895
8.051855622955895
8.051855622955895
6.665561261836003
8.051855622955895
8.051855622955895
8.051855622955895
8.051855622955895
8.051855622955895
8.051855622955895
6.260096153727839
8.051855622955895
8.051855622955895
8.051855622955895
8.051855622955895
8.051855622955895
8.051855622955895
8.051855622955895
8.051855622955895
6.953243334287785
8.051855622955895
2.939867834599351
5.161483865059729
8.051855622955895
8.051855622955895
8.051855622955895
4.793759084934411
8.051855622955895
7.358708442395948
6.953243334287785
6.665561261836003
8.051855622955895
6.260096153727839
6.953243334287785
8.051855622955895
7.358708442395948
6.953243334287785
8.051855622955895
7.358708442395948
6.953243334287785
6.953243334287785
5.749270529961848
5.653960350157523
8.051855622955895
8.051855622955895
5.1074166437894535
8.051855622955895
8.051855622955895
8.051855622955895
6.442417710521793
8.051855622955895
4.201708021245835
7.358708442395948
5.854631045619675
7.358708442395948
8.051855622955895
1.965080896043587
8.051855622955895
8.051855622955895
6.953243334287785
4.362976168841957
5.161483865059729
7.358708442395948
8.051855622955895
7.358708442395948
8.051855622955895
5.854631045619675
6.665561261836003
8.051855622955895
8.051855622955895
8.051855622955895
8.051855622955895
8.051855622955895
8.051855622955895
8.051855622955895
8.051855622955895
8.051855622955895
7.358708442395948
8.051855622955895
8.051855622955895
8.051855622955895
4.6178684184707475
7.358708442395948
8.051855622955895
8.051855622955895
7.358708442395948
6.442417710521793
8.051855622955895
8.051855622955895
8.051855622955895
8.051855622955895
6.953243334287785
6.953243334287785
6.442417710521793
6.260096153727839
8.051855622955895
6.953243334287785
4.555348061489413
6.953243334287785
8.051855622955895
6.260096153727839
8.051855622955895
8.051855622955895
8.051855622955895
8.051855622955895
8.051855622955895
8.051855622955895
8.051855622955895
8.051855622955895
8.051855622955895
6.953243334287785
7.358708442395948
8.051855622955895
7.358708442395948
8.051855622955895
8.051855622955895
7.358708442395948
8.051855622955895
7.358708442395948
7.358708442395948
8.051855622955895
8.051855622955895
8.051855622955895
8.051855622955895
8.051855622955895
6.665561261836003
8.051855622955895
5.653960350157523
8.051855622955895
8.051855622955895
8.051855622955895
8.051855622955895
7.358708442395948
8.051855622955895
8.051855622955895
6.10594547390058
8.051855622955895
7.358708442395948
8.051855622955895
8.051855622955895
7.358708442395948
8.051855622955895
8.051855622955895
5.749270529961848
8.051855622955895
8.051855622955895
8.051855622955895
8.051855622955895
8.051855622955895
6.260096153727839
8.051855622955895
8.051855622955895
8.051855622955895
8.051855622955895
8.051855622955895
6.442417710521793
5.9724140812760576
7.358708442395948
6.953243334287785
7.358708442395948
8.051855622955895
5.161483865059729
8.051855622955895
8.051855622955895
8.051855622955895
7.358708442395948
8.051855622955895
8.051855622955895
8.051855622955895
8.051855622955895
6.442417710521793
8.051855622955895
5.4869062654943574
7.358708442395948
8.051855622955895
8.051855622955895
8.051855622955895
8.051855622955895
8.051855622955895
8.051855622955895
8.051855622955895
8.051855622955895
7.358708442395948
8.051855622955895
8.051855622955895
8.051855622955895
8.051855622955895
4.832979798087694
8.051855622955895
7.358708442395948
8.051855622955895
6.665561261836003
5.653960350157523
8.051855622955895
7.358708442395948
8.051855622955895
6.260096153727839
8.051855622955895
6.442417710521793
8.051855622955895
8.051855622955895
8.051855622955895
8.051855622955895
8.051855622955895
6.953243334287785
8.051855622955895
8.051855622955895
8.051855622955895
8.051855622955895
6.953243334287785
8.051855622955895
1.7808671910975946
8.051855622955895
7.358708442395948
8.051855622955895
8.051855622955895
7.358708442395948
7.358708442395948
8.051855622955895
8.051855622955895
8.051855622955895
5.9724140812760576
2.9459101490553135
8.051855622955895
8.051855622955895
8.051855622955895
8.051855622955895
8.051855622955895
8.051855622955895
5.854631045619675
5.4869062654943574
6.442417710521793
8.051855622955895
8.051855622955895
8.051855622955895
7.358708442395948
8.051855622955895
8.051855622955895
7.358708442395948
7.358708442395948
6.665561261836003
6.665561261836003
8.051855622955895
6.953243334287785
6.260096153727839
8.051855622955895
7.358708442395948
7.358708442395948
8.051855622955895
8.051855622955895
8.051855622955895
8.051855622955895
8.051855622955895
8.051855622955895
5.161483865059729
8.051855622955895
8.051855622955895
8.051855622955895
8.051855622955895
7.358708442395948
8.051855622955895
8.051855622955895
6.10594547390058
8.051855622955895
8.051855622955895
8.051855622955895
5.9724140812760576
8.051855622955895
8.051855622955895
8.051855622955895
8.051855622955895
6.953243334287785
8.051855622955895
8.051855622955895
6.953243334287785
8.051855622955895
8.051855622955895
8.051855622955895
8.051855622955895
8.051855622955895
5.9724140812760576
8.051855622955895
7.358708442395948
7.358708442395948
7.358708442395948
8.051855622955895
5.343805421853684
6.260096153727839
7.358708442395948
5.749270529961848
7.358708442395948
8.051855622955895
8.051855622955895
8.051855622955895
8.051855622955895
6.953243334287785
6.442417710521793
8.051855622955895
8.051855622955895
8.051855622955895
8.051855622955895
6.665561261836003
6.953243334287785
8.051855622955895
6.953243334287785
8.051855622955895
8.051855622955895
6.665561261836003
8.051855622955895
8.051855622955895
6.665561261836003
8.051855622955895
7.358708442395948
7.358708442395948
8.051855622955895
6.665561261836003
7.358708442395948
8.051855622955895
8.051855622955895
7.358708442395948
8.051855622955895
8.051855622955895
8.051855622955895
4.586119720156168
5.343805421853684
8.051855622955895
8.051855622955895
8.051855622955895
7.358708442395948
5.9724140812760576
4.873801792607948
3.877468353060257
7.358708442395948
8.051855622955895
7.358708442395948
8.051855622955895
7.358708442395948
6.953243334287785
5.854631045619675
6.953243334287785
7.358708442395948
8.051855622955895
6.665561261836003
5.412798293340635
8.051855622955895
7.358708442395948
8.051855622955895
8.051855622955895
8.051855622955895
8.051855622955895
8.051855622955895
7.358708442395948
7.358708442395948
7.358708442395948
8.051855622955895
7.358708442395948
7.358708442395948
5.749270529961848
8.051855622955895
7.358708442395948
8.051855622955895
8.051855622955895
7.358708442395948
8.051855622955895
4.960813169597579
8.051855622955895
8.051855622955895
5.749270529961848
8.051855622955895
2.510592077797468
6.665561261836003
8.051855622955895
8.051855622955895
8.051855622955895
8.051855622955895
8.051855622955895
8.051855622955895
8.051855622955895
8.051855622955895
7.358708442395948
8.051855622955895
5.9724140812760576
6.953243334287785
8.051855622955895
7.358708442395948
7.358708442395948
6.953243334287785
5.279266900716113
8.051855622955895
4.793759084934411
7.358708442395948
5.279266900716113
8.051855622955895
8.051855622955895
8.051855622955895
8.051855622955895
8.051855622955895
8.051855622955895
6.953243334287785
6.260096153727839
8.051855622955895
6.953243334287785
8.051855622955895
8.051855622955895
8.051855622955895
8.051855622955895
8.051855622955895
8.051855622955895
8.051855622955895
6.442417710521793
6.953243334287785
8.051855622955895
8.051855622955895
8.051855622955895
7.358708442395948
7.358708442395948
8.051855622955895
6.442417710521793
6.10594547390058
6.442417710521793
8.051855622955895
6.260096153727839
8.051855622955895
8.051855622955895
7.358708442395948
8.051855622955895
4.7560187569515655
7.358708442395948
4.68455979296942
8.051855622955895
8.051855622955895
8.051855622955895
8.051855622955895
8.051855622955895
8.051855622955895
8.051855622955895
6.442417710521793
6.953243334287785
8.051855622955895
8.051855622955895
8.051855622955895
8.051855622955895
8.051855622955895
8.051855622955895
4.49650756146648
4.650658241293739
8.051855622955895
8.051855622955895
6.665561261836003
8.051855622955895
8.051855622955895
6.953243334287785
7.358708442395948
8.051855622955895
4.7560187569515655
5.9724140812760576
7.358708442395948
5.056123349401903
8.051855622955895
3.9575110607337933
8.051855622955895
8.051855622955895
3.5300670459068537
7.358708442395948
8.051855622955895
7.358708442395948
8.051855622955895
8.051855622955895
8.051855622955895
5.4869062654943574
6.953243334287785
8.051855622955895
8.051855622955895
8.051855622955895
8.051855622955895
8.051855622955895
8.051855622955895
6.665561261836003
8.051855622955895
8.051855622955895
8.051855622955895
8.051855622955895
8.051855622955895
8.051855622955895
7.358708442395948
6.442417710521793
5.161483865059729
5.343805421853684
7.358708442395948
8.051855622955895
8.051855622955895
6.442417710521793
8.051855622955895
4.362976168841957
6.260096153727839
5.749270529961848
7.358708442395948
5.4869062654943574
8.051855622955895
7.358708442395948
6.665561261836003
8.051855622955895
6.953243334287785
8.051855622955895
6.10594547390058
8.051855622955895
8.051855622955895
8.051855622955895
7.358708442395948
7.358708442395948
6.953243334287785
5.749270529961848
8.051855622955895
8.051855622955895
8.051855622955895
7.358708442395948
8.051855622955895
8.051855622955895
8.051855622955895
5.412798293340635
8.051855622955895
8.051855622955895
8.051855622955895
8.051855622955895
8.051855622955895
8.051855622955895
8.051855622955895
8.051855622955895
8.051855622955895
8.051855622955895
8.051855622955895
8.051855622955895
8.051855622955895
8.051855622955895
8.051855622955895
8.051855622955895
8.051855622955895
8.051855622955895
8.051855622955895
8.051855622955895
8.051855622955895
8.051855622955895
8.051855622955895
8.051855622955895
8.051855622955895
8.051855622955895
7.358708442395948
8.051855622955895
8.051855622955895
8.051855622955895
8.051855622955895
8.051855622955895
8.051855622955895
8.051855622955895
8.051855622955895
8.051855622955895
8.051855622955895
8.051855622955895
6.442417710521793
8.051855622955895
8.051855622955895
8.051855622955895
8.051855622955895
8.051855622955895
8.051855622955895
8.051855622955895
8.051855622955895
8.051855622955895
6.665561261836003
8.051855622955895
8.051855622955895
8.051855622955895
6.665561261836003
8.051855622955895
8.051855622955895
8.051855622955895
8.051855622955895
8.051855622955895
7.358708442395948
8.051855622955895
8.051855622955895
8.051855622955895
8.051855622955895
8.051855622955895
5.854631045619675
8.051855622955895
7.358708442395948
8.051855622955895
6.442417710521793
8.051855622955895
8.051855622955895
5.854631045619675
8.051855622955895
8.051855622955895
8.051855622955895
8.051855622955895
6.953243334287785
8.051855622955895
7.358708442395948
8.051855622955895
6.442417710521793
6.665561261836003
7.358708442395948
6.260096153727839
7.358708442395948
8.051855622955895
6.260096153727839
8.051855622955895
5.854631045619675
6.953243334287785
6.442417710521793
7.358708442395948
8.051855622955895
8.051855622955895
4.0088043551213435
8.051855622955895
5.653960350157523
8.051855622955895
8.051855622955895
6.442417710521793
8.051855622955895
8.051855622955895
5.9724140812760576
8.051855622955895
8.051855622955895
8.051855622955895
7.358708442395948
7.358708442395948
8.051855622955895
8.051855622955895
8.051855622955895
8.051855622955895
5.343805421853684
8.051855622955895
8.051855622955895
8.051855622955895
8.051855622955895
8.051855622955895
6.665561261836003
8.051855622955895
8.051855622955895
8.051855622955895
7.358708442395948
6.953243334287785
8.051855622955895
8.051855622955895
8.051855622955895
7.358708442395948
6.442417710521793
5.343805421853684
7.358708442395948
6.260096153727839
8.051855622955895
8.051855622955895
8.051855622955895
6.10594547390058
7.358708442395948
7.358708442395948
6.442417710521793
8.051855622955895
8.051855622955895
7.358708442395948
8.051855622955895
6.665561261836003
6.665561261836003
6.953243334287785
8.051855622955895
8.051855622955895
6.260096153727839
5.749270529961848
6.442417710521793
5.854631045619675
8.051855622955895
7.358708442395948
8.051855622955895
7.358708442395948
6.260096153727839
8.051855622955895
8.051855622955895
6.953243334287785
8.051855622955895
8.051855622955895
4.6178684184707475
5.9724140812760576
6.665561261836003
6.953243334287785
7.358708442395948
7.358708442395948
4.49650756146648
8.051855622955895
4.832979798087694
5.749270529961848
8.051855622955895
5.056123349401903
4.201708021245835
8.051855622955895
8.051855622955895
8.051855622955895
8.051855622955895
5.854631045619675
7.358708442395948
6.953243334287785
7.358708442395948
5.566948973167894
8.051855622955895
8.051855622955895
6.260096153727839
8.051855622955895
8.051855622955895
8.051855622955895
8.051855622955895
6.953243334287785
4.245193133185574
6.665561261836003
8.051855622955895
7.358708442395948
4.414269463229508
3.7343675094195836
8.051855622955895
7.358708442395948
8.051855622955895
8.051855622955895
8.051855622955895
7.358708442395948
8.051855622955895
7.358708442395948
4.586119720156168
8.051855622955895
5.566948973167894
6.665561261836003
5.9724140812760576
6.953243334287785
7.358708442395948
8.051855622955895
8.051855622955895
7.358708442395948
8.051855622955895
8.051855622955895
8.051855622955895
6.953243334287785
5.218642278899678
6.953243334287785
6.953243334287785
7.358708442395948
8.051855622955895
8.051855622955895
8.051855622955895
8.051855622955895
8.051855622955895
8.051855622955895
7.358708442395948
8.051855622955895
6.10594547390058
5.566948973167894
8.051855622955895
7.358708442395948
8.051855622955895
6.260096153727839
5.343805421853684
8.051855622955895
5.653960350157523
8.051855622955895
6.953243334287785
5.161483865059729
8.051855622955895
5.854631045619675
6.953243334287785
6.665561261836003
8.051855622955895
8.051855622955895
6.442417710521793
7.358708442395948
6.953243334287785
8.051855622955895
8.051855622955895
7.358708442395948
6.442417710521793
8.051855622955895
8.051855622955895
8.051855622955895
8.051855622955895
8.051855622955895
6.442417710521793
6.953243334287785
8.051855622955895
8.051855622955895
8.051855622955895
5.854631045619675
6.260096153727839
8.051855622955895
8.051855622955895
7.358708442395948
6.260096153727839
8.051855622955895
8.051855622955895
8.051855622955895
8.051855622955895
7.358708442395948
8.051855622955895
8.051855622955895
8.051855622955895
8.051855622955895
7.358708442395948
8.051855622955895
8.051855622955895
7.358708442395948
8.051855622955895
8.051855622955895
7.358708442395948
8.051855622955895
8.051855622955895
8.051855622955895
7.358708442395948
4.916361407026744
6.10594547390058
8.051855622955895
8.051855622955895
5.9724140812760576
8.051855622955895
8.051855622955895
8.051855622955895
8.051855622955895
6.665561261836003
8.051855622955895
8.051855622955895
8.051855622955895
8.051855622955895
6.953243334287785
8.051855622955895
7.358708442395948
6.665561261836003
7.358708442395948
8.051855622955895
6.953243334287785
8.051855622955895
7.358708442395948
8.051855622955895
5.653960350157523
6.953243334287785
8.051855622955895
7.358708442395948
8.051855622955895
8.051855622955895
8.051855622955895
6.442417710521793
6.953243334287785
8.051855622955895
5.653960350157523
7.358708442395948
6.665561261836003
6.665561261836003
8.051855622955895
8.051855622955895
8.051855622955895
8.051855622955895
7.358708442395948
6.442417710521793
7.358708442395948
8.051855622955895
7.358708442395948
6.953243334287785
8.051855622955895
5.4869062654943574
4.49650756146648
7.358708442395948
7.358708442395948
6.442417710521793
8.051855622955895
7.358708442395948
6.442417710521793
5.218642278899678
8.051855622955895
6.10594547390058
8.051855622955895
8.051855622955895
6.953243334287785
4.960813169597579
6.953243334287785
7.358708442395948
8.051855622955895
8.051855622955895
8.051855622955895
8.051855622955895
7.358708442395948
6.953243334287785
6.442417710521793
6.665561261836003
5.566948973167894
6.953243334287785
6.953243334287785
7.358708442395948
6.953243334287785
8.051855622955895
8.051855622955895
8.051855622955895
8.051855622955895
5.566948973167894
8.051855622955895
8.051855622955895
8.051855622955895
6.953243334287785
8.051855622955895
6.10594547390058
6.442417710521793
6.665561261836003
6.665561261836003
8.051855622955895
6.953243334287785
6.953243334287785
5.653960350157523
7.358708442395948
7.358708442395948
8.051855622955895
6.260096153727839
8.051855622955895
7.358708442395948
7.358708442395948
8.051855622955895
5.1074166437894535
8.051855622955895
7.358708442395948
8.051855622955895
8.051855622955895
8.051855622955895
8.051855622955895
8.051855622955895
8.051855622955895
8.051855622955895
6.260096153727839
6.665561261836003
8.051855622955895
8.051855622955895
7.358708442395948
7.358708442395948
7.358708442395948
8.051855622955895
5.9724140812760576
4.7560187569515655
8.051855622955895
8.051855622955895
6.260096153727839
8.051855622955895
7.358708442395948
4.916361407026744
8.051855622955895
8.051855622955895
4.290655507262331
7.358708442395948
8.051855622955895
8.051855622955895
8.051855622955895
8.051855622955895
6.953243334287785
6.442417710521793
5.279266900716113
6.442417710521793
5.218642278899678
8.051855622955895
8.051855622955895
8.051855622955895
7.358708442395948
6.953243334287785
8.051855622955895
8.051855622955895
8.051855622955895
8.051855622955895
8.051855622955895
8.051855622955895
6.442417710521793
8.051855622955895
8.051855622955895
8.051855622955895
6.953243334287785
7.358708442395948
4.832979798087694
8.051855622955895
6.953243334287785
8.051855622955895
4.314186004672526
7.358708442395948
8.051855622955895
8.051855622955895
6.665561261836003
5.279266900716113
6.665561261836003
8.051855622955895
8.051855622955895
7.358708442395948
5.653960350157523
5.854631045619675
8.051855622955895
6.953243334287785
6.953243334287785
8.051855622955895
8.051855622955895
8.051855622955895
8.051855622955895
7.358708442395948
8.051855622955895
8.051855622955895
8.051855622955895
6.953243334287785
8.051855622955895
6.665561261836003
6.953243334287785
8.051855622955895
8.051855622955895
7.358708442395948
8.051855622955895
6.665561261836003
6.260096153727839
6.953243334287785
7.358708442395948
6.665561261836003
6.953243334287785
8.051855622955895
8.051855622955895
8.051855622955895
8.051855622955895
7.358708442395948
7.358708442395948
8.051855622955895
7.358708442395948
8.051855622955895
7.358708442395948
7.358708442395948
8.051855622955895
8.051855622955895
6.442417710521793
8.051855622955895
5.161483865059729
7.358708442395948
5.412798293340635
7.358708442395948
8.051855622955895
8.051855622955895
8.051855622955895
7.358708442395948
8.051855622955895
8.051855622955895
8.051855622955895
5.653960350157523
7.358708442395948
7.358708442395948
4.960813169597579
5.218642278899678
6.10594547390058
7.358708442395948
8.051855622955895
8.051855622955895
8.051855622955895
8.051855622955895
8.051855622955895
7.358708442395948
7.358708442395948
8.051855622955895
8.051855622955895
8.051855622955895
8.051855622955895
8.051855622955895
8.051855622955895
8.051855622955895
8.051855622955895
3.633015015159296
3.497978731355353
6.953243334287785
7.358708442395948
8.051855622955895
6.442417710521793
8.051855622955895
6.665561261836003
8.051855622955895
6.260096153727839
6.442417710521793
6.442417710521793
3.775189503939839
8.051855622955895
7.358708442395948
5.9724140812760576
8.051855622955895
8.051855622955895
8.051855622955895
8.051855622955895
6.442417710521793
8.051855622955895
8.051855622955895
6.953243334287785
6.260096153727839
5.9724140812760576
8.051855622955895
8.051855622955895
6.953243334287785
7.358708442395948
5.056123349401903
8.051855622955895
8.051855622955895
8.051855622955895
6.953243334287785
7.358708442395948
7.358708442395948
7.358708442395948
8.051855622955895
8.051855622955895
6.665561261836003
7.358708442395948
8.051855622955895
4.650658241293739
8.051855622955895
8.051855622955895
6.260096153727839
8.051855622955895
7.358708442395948
6.953243334287785
5.4869062654943574
8.051855622955895
8.051855622955895
8.051855622955895
8.051855622955895
7.358708442395948
8.051855622955895
6.665561261836003
8.051855622955895
8.051855622955895
8.051855622955895
7.358708442395948
3.477144644452511
8.051855622955895
6.260096153727839
5.279266900716113
6.953243334287785
7.358708442395948
7.358708442395948
6.665561261836003
7.358708442395948
8.051855622955895
8.051855622955895
7.358708442395948
8.051855622955895
8.051855622955895
7.358708442395948
8.051855622955895
8.051855622955895
8.051855622955895
8.051855622955895
7.358708442395948
8.051855622955895
6.442417710521793
7.358708442395948
6.442417710521793
7.358708442395948
6.953243334287785
8.051855622955895
8.051855622955895
8.051855622955895
8.051855622955895
8.051855622955895
6.442417710521793
8.051855622955895
6.442417710521793
8.051855622955895
7.358708442395948
8.051855622955895
8.051855622955895
8.051855622955895
6.442417710521793
3.50856084068589
7.358708442395948
7.358708442395948
3.1173816898252023
7.358708442395948
8.051855622955895
6.665561261836003
8.051855622955895
8.051855622955895
6.442417710521793
7.358708442395948
7.358708442395948
8.051855622955895
8.051855622955895
8.051855622955895
8.051855622955895
7.358708442395948
7.358708442395948
8.051855622955895
8.051855622955895
8.051855622955895
8.051855622955895
8.051855622955895
8.051855622955895
8.051855622955895
8.051855622955895
8.051855622955895
4.832979798087694
8.051855622955895
6.953243334287785
4.180654612048003
8.051855622955895
8.051855622955895
6.442417710521793
8.051855622955895
6.953243334287785
6.953243334287785
8.051855622955895
8.051855622955895
8.051855622955895
8.051855622955895
8.051855622955895
8.051855622955895
8.051855622955895
5.343805421853684
6.10594547390058
8.051855622955895
7.358708442395948
5.1074166437894535
8.051855622955895
8.051855622955895
8.051855622955895
8.051855622955895
6.953243334287785
8.051855622955895
7.358708442395948
8.051855622955895
6.665561261836003
7.358708442395948
8.051855622955895
6.953243334287785
8.051855622955895
7.358708442395948
8.051855622955895
6.953243334287785
8.051855622955895
7.358708442395948
4.06287157639162
8.051855622955895
8.051855622955895
7.358708442395948
7.358708442395948
8.051855622955895
8.051855622955895
8.051855622955895
8.051855622955895
7.358708442395948
8.051855622955895
8.051855622955895
8.051855622955895
7.358708442395948
7.358708442395948
7.358708442395948
7.358708442395948
8.051855622955895
8.051855622955895
6.953243334287785
5.749270529961848
7.358708442395948
7.358708442395948
8.051855622955895
5.566948973167894
6.953243334287785
7.358708442395948
8.051855622955895
4.68455979296942
8.051855622955895
3.695146796266302
8.051855622955895
8.051855622955895
8.051855622955895
8.051855622955895
7.358708442395948
8.051855622955895
8.051855622955895
6.10594547390058
6.953243334287785
7.358708442395948
8.051855622955895
8.051855622955895
3.3513752571634776
8.051855622955895
8.051855622955895
8.051855622955895
8.051855622955895
8.051855622955895
5.218642278899678
5.854631045619675
6.665561261836003
8.051855622955895
7.358708442395948
7.358708442395948
8.051855622955895
8.051855622955895
7.358708442395948
6.953243334287785
7.358708442395948
8.051855622955895
8.051855622955895
7.358708442395948
7.358708442395948
8.051855622955895
5.343805421853684
6.953243334287785
6.442417710521793
5.9724140812760576
8.051855622955895
7.358708442395948
8.051855622955895
8.051855622955895
8.051855622955895
6.953243334287785
8.051855622955895
8.051855622955895
8.051855622955895
8.051855622955895
8.051855622955895
8.051855622955895
8.051855622955895
8.051855622955895
8.051855622955895
8.051855622955895
8.051855622955895
8.051855622955895
8.051855622955895
5.343805421853684
8.051855622955895
8.051855622955895
3.001999615706357
8.051855622955895
8.051855622955895
8.051855622955895
8.051855622955895
8.051855622955895
8.051855622955895
8.051855622955895
8.051855622955895
8.051855622955895
8.051855622955895
8.051855622955895
8.051855622955895
8.051855622955895
5.9724140812760576
8.051855622955895
6.953243334287785
8.051855622955895
8.051855622955895
8.051855622955895
8.051855622955895
8.051855622955895
8.051855622955895
8.051855622955895
6.442417710521793
8.051855622955895
8.051855622955895
8.051855622955895
8.051855622955895
8.051855622955895
8.051855622955895
7.358708442395948
6.10594547390058
6.953243334287785
8.051855622955895
8.051855622955895
8.051855622955895
5.1074166437894535
8.051855622955895
8.051855622955895
7.358708442395948
7.358708442395948
8.051855622955895
6.10594547390058
4.71965111278069
6.260096153727839
8.051855622955895
6.953243334287785
7.358708442395948
8.051855622955895
8.051855622955895
6.260096153727839
8.051855622955895
8.051855622955895
6.442417710521793
8.051855622955895
6.953243334287785
8.051855622955895
6.953243334287785
7.358708442395948
8.051855622955895
8.051855622955895
6.953243334287785
8.051855622955895
8.051855622955895
8.051855622955895
7.358708442395948
8.051855622955895
8.051855622955895
8.051855622955895
5.4869062654943574
8.051855622955895
8.051855622955895
6.442417710521793
8.051855622955895
7.358708442395948
8.051855622955895
8.051855622955895
6.442417710521793
8.051855622955895
6.442417710521793
8.051855622955895
6.953243334287785
7.358708442395948
6.665561261836003
5.566948973167894
8.051855622955895
8.051855622955895
8.051855622955895
8.051855622955895
8.051855622955895
8.051855622955895
8.051855622955895
4.440937710311669
8.051855622955895
8.051855622955895
8.051855622955895
5.9724140812760576
8.051855622955895
6.665561261836003
8.051855622955895
7.358708442395948
8.051855622955895
8.051855622955895
8.051855622955895
4.68455979296942
8.051855622955895
7.358708442395948
8.051855622955895
6.953243334287785
8.051855622955895
7.358708442395948
8.051855622955895
8.051855622955895
8.051855622955895
6.665561261836003
4.468336684499784
6.442417710521793
8.051855622955895
8.051855622955895
8.051855622955895
8.051855622955895
8.051855622955895
8.051855622955895
8.051855622955895
8.051855622955895
6.665561261836003
8.051855622955895
8.051855622955895
8.051855622955895
8.051855622955895
6.953243334287785
8.051855622955895
8.051855622955895
8.051855622955895
8.051855622955895
8.051855622955895
8.051855622955895
8.051855622955895
6.665561261836003
2.1064350143493185
7.358708442395948
6.953243334287785
8.051855622955895
8.051855622955895
8.051855622955895
8.051855622955895
8.051855622955895
5.749270529961848
8.051855622955895
6.260096153727839
6.442417710521793
7.358708442395948
8.051855622955895
8.051855622955895
8.051855622955895
8.051855622955895
5.412798293340635
8.051855622955895
6.953243334287785
8.051855622955895
7.358708442395948
8.051855622955895
8.051855622955895
8.051855622955895
8.051855622955895
8.051855622955895
8.051855622955895
4.362976168841957
6.953243334287785
8.051855622955895
8.051855622955895
7.358708442395948
8.051855622955895
4.160035324845268
7.358708442395948
5.9724140812760576
8.051855622955895
8.051855622955895
7.358708442395948
8.051855622955895
8.051855622955895
8.051855622955895
8.051855622955895
8.051855622955895
8.051855622955895
8.051855622955895
8.051855622955895
4.555348061489413
6.665561261836003
8.051855622955895
7.358708442395948
5.279266900716113
8.051855622955895
7.358708442395948
8.051855622955895
8.051855622955895
8.051855622955895
8.051855622955895
4.1200299902315685
8.051855622955895
8.051855622955895
6.665561261836003
8.051855622955895
8.051855622955895
8.051855622955895
8.051855622955895
6.442417710521793
6.953243334287785
8.051855622955895
6.953243334287785
8.051855622955895
6.665561261836003
8.051855622955895
7.358708442395948
8.051855622955895
6.665561261836003
7.358708442395948
6.953243334287785
6.665561261836003
8.051855622955895
8.051855622955895
8.051855622955895
7.358708442395948
8.051855622955895
8.051855622955895
6.953243334287785
8.051855622955895
8.051855622955895
8.051855622955895
4.586119720156168
8.051855622955895
8.051855622955895
8.051855622955895
7.358708442395948
8.051855622955895
8.051855622955895
8.051855622955895
8.051855622955895
8.051855622955895
8.051855622955895
8.051855622955895
5.1074166437894535
6.953243334287785
8.051855622955895
8.051855622955895
8.051855622955895
6.665561261836003
8.051855622955895
8.051855622955895
8.051855622955895
8.051855622955895
8.051855622955895
8.051855622955895
6.665561261836003
8.051855622955895
7.358708442395948
8.051855622955895
7.358708442395948
8.051855622955895
6.953243334287785
6.442417710521793
5.412798293340635
8.051855622955895
7.358708442395948
8.051855622955895
7.358708442395948
8.051855622955895
8.051855622955895
8.051855622955895
8.051855622955895
8.051855622955895
6.260096153727839
8.051855622955895
6.665561261836003
8.051855622955895
8.051855622955895
8.051855622955895
8.051855622955895
5.749270529961848
5.9724140812760576
8.051855622955895
8.051855622955895
8.051855622955895
6.665561261836003
7.358708442395948
8.051855622955895
6.665561261836003
8.051855622955895
8.051855622955895
7.358708442395948
7.358708442395948
8.051855622955895
8.051855622955895
8.051855622955895
8.051855622955895
6.665561261836003
8.051855622955895
8.051855622955895
8.051855622955895
8.051855622955895
7.358708442395948
8.051855622955895
6.953243334287785
8.051855622955895
8.051855622955895
8.051855622955895
8.051855622955895
6.10594547390058
8.051855622955895
8.051855622955895
8.051855622955895
7.358708442395948
8.051855622955895
5.218642278899678
6.10594547390058
6.953243334287785
8.051855622955895
6.953243334287785
7.358708442395948
8.051855622955895
8.051855622955895
8.051855622955895
5.161483865059729
8.051855622955895
8.051855622955895
5.653960350157523
6.953243334287785
6.665561261836003
5.161483865059729
5.161483865059729
6.665561261836003
7.358708442395948
8.051855622955895
5.279266900716113
6.442417710521793
7.358708442395948
7.358708442395948
7.358708442395948
8.051855622955895
3.940981758782583
7.358708442395948
8.051855622955895
8.051855622955895
7.358708442395948
7.358708442395948
8.051855622955895
8.051855622955895
4.440937710311669
6.953243334287785
8.051855622955895
6.953243334287785
7.358708442395948
6.10594547390058
6.953243334287785
5.161483865059729
8.051855622955895
8.051855622955895
8.051855622955895
8.051855622955895
5.566948973167894
8.051855622955895
8.051855622955895
6.665561261836003
4.06287157639162
8.051855622955895
4.49650756146648
8.051855622955895
7.358708442395948
7.358708442395948
6.260096153727839
5.9724140812760576
4.3882939768262474
6.953243334287785
6.442417710521793
8.051855622955895
5.653960350157523
6.10594547390058
8.051855622955895
6.953243334287785
6.953243334287785
6.953243334287785
8.051855622955895
5.653960350157523
7.358708442395948
5.854631045619675
7.358708442395948
8.051855622955895
7.358708442395948
6.260096153727839
6.953243334287785
8.051855622955895
7.358708442395948
8.051855622955895
8.051855622955895
1.9673562098807227
8.051855622955895
2.709521370991083
8.051855622955895
8.051855622955895
8.051855622955895
8.051855622955895
7.358708442395948
8.051855622955895
8.051855622955895
8.051855622955895
8.051855622955895
8.051855622955895
8.051855622955895
8.051855622955895
7.358708442395948
6.442417710521793
7.358708442395948
8.051855622955895
7.358708442395948
8.051855622955895
8.051855622955895
6.10594547390058
5.4869062654943574
5.749270529961848
6.442417710521793
8.051855622955895
8.051855622955895
7.358708442395948
8.051855622955895
5.9724140812760576
7.358708442395948
8.051855622955895
8.051855622955895
7.358708442395948
8.051855622955895
8.051855622955895
8.051855622955895
6.953243334287785
8.051855622955895
8.051855622955895
8.051855622955895
8.051855622955895
8.051855622955895
8.051855622955895
7.358708442395948
7.358708442395948
8.051855622955895
8.051855622955895
6.10594547390058
7.358708442395948
7.358708442395948
7.358708442395948
8.051855622955895
8.051855622955895
8.051855622955895
8.051855622955895
7.358708442395948
8.051855622955895
8.051855622955895
8.051855622955895
8.051855622955895
5.9724140812760576
8.051855622955895
8.051855622955895
6.442417710521793
8.051855622955895
7.358708442395948
6.953243334287785
6.665561261836003
8.051855622955895
8.051855622955895
7.358708442395948
8.051855622955895
8.051855622955895
8.051855622955895
8.051855622955895
8.051855622955895
8.051855622955895
8.051855622955895
6.442417710521793
8.051855622955895
6.953243334287785
8.051855622955895
8.051855622955895
8.051855622955895
8.051855622955895
8.051855622955895
5.653960350157523
5.9724140812760576
6.953243334287785
6.665561261836003
8.051855622955895
8.051855622955895
5.9724140812760576
7.358708442395948
6.953243334287785
5.4869062654943574
8.051855622955895
8.051855622955895
8.051855622955895
8.051855622955895
6.665561261836003
6.442417710521793
7.358708442395948
8.051855622955895
7.358708442395948
4.139832617527748
7.358708442395948
8.051855622955895
8.051855622955895
8.051855622955895
5.343805421853684
8.051855622955895
6.953243334287785
8.051855622955895
7.358708442395948
8.051855622955895
8.051855622955895
8.051855622955895
6.665561261836003
6.665561261836003
8.051855622955895
8.051855622955895
8.051855622955895
6.953243334287785
8.051855622955895
8.051855622955895
8.051855622955895
5.4869062654943574
7.358708442395948
8.051855622955895
8.051855622955895
5.412798293340635
8.051855622955895
8.051855622955895
6.260096153727839
4.7560187569515655
8.051855622955895
7.358708442395948
8.051855622955895
6.665561261836003
8.051855622955895
8.051855622955895
8.051855622955895
8.051855622955895
8.051855622955895
8.051855622955895
8.051855622955895
6.10594547390058
8.051855622955895
7.358708442395948
7.358708442395948
6.260096153727839
6.260096153727839
4.49650756146648
5.854631045619675
4.100611904374467
8.051855622955895
4.139832617527748
8.051855622955895
8.051855622955895
8.051855622955895
8.051855622955895
8.051855622955895
6.665561261836003
7.358708442395948
8.051855622955895
8.051855622955895
8.051855622955895
7.358708442395948
8.051855622955895
7.358708442395948
7.358708442395948
4.793759084934411
8.051855622955895
5.1074166437894535
3.633015015159296
6.10594547390058
8.051855622955895
6.665561261836003
6.665561261836003
8.051855622955895
8.051855622955895
3.3605077407267503
8.051855622955895
6.442417710521793
8.051855622955895
5.653960350157523
7.358708442395948
8.051855622955895
8.051855622955895
8.051855622955895
7.358708442395948
7.358708442395948
8.051855622955895
8.051855622955895
8.051855622955895
3.089010992695987
7.358708442395948
5.9724140812760576
8.051855622955895
8.051855622955895
8.051855622955895
7.358708442395948
4.440937710311669
8.051855622955895
3.9247212379108025
8.051855622955895
4.873801792607948
8.051855622955895
6.953243334287785
5.854631045619675
5.4869062654943574
8.051855622955895
8.051855622955895
8.051855622955895
6.665561261836003
8.051855622955895
8.051855622955895
8.051855622955895
7.358708442395948
8.051855622955895
8.051855622955895
8.051855622955895
6.442417710521793
8.051855622955895
6.665561261836003
6.665561261836003
5.218642278899678
6.260096153727839
8.051855622955895
6.442417710521793
6.953243334287785
4.586119720156168
8.051855622955895
7.358708442395948
7.358708442395948
8.051855622955895
3.192043218594222
8.051855622955895
8.051855622955895
8.051855622955895
8.051855622955895
8.051855622955895
8.051855622955895
7.358708442395948
5.412798293340635
8.051855622955895
7.358708442395948
7.358708442395948
8.051855622955895
8.051855622955895
8.051855622955895
8.051855622955895
8.051855622955895
6.953243334287785
5.566948973167894
6.10594547390058
6.953243334287785
8.051855622955895
8.051855622955895
7.358708442395948
8.051855622955895
8.051855622955895
8.051855622955895
7.358708442395948
8.051855622955895
8.051855622955895
7.358708442395948
8.051855622955895
8.051855622955895
8.051855622955895
5.854631045619675
4.290655507262331
8.051855622955895
6.953243334287785
8.051855622955895
8.051855622955895
8.051855622955895
8.051855622955895
8.051855622955895
6.953243334287785
8.051855622955895
7.358708442395948
7.358708442395948
7.358708442395948
8.051855622955895
5.566948973167894
4.362976168841957
5.566948973167894
8.051855622955895
8.051855622955895
7.358708442395948
8.051855622955895
8.051855622955895
8.051855622955895
8.051855622955895
5.161483865059729
8.051855622955895
8.051855622955895
7.358708442395948
7.358708442395948
8.051855622955895
8.051855622955895
8.051855622955895
8.051855622955895
8.051855622955895
8.051855622955895
7.358708442395948
8.051855622955895
6.665561261836003
6.10594547390058
7.358708442395948
7.358708442395948
8.051855622955895
8.051855622955895
8.051855622955895
8.051855622955895
5.412798293340635
6.665561261836003
6.260096153727839
7.358708442395948
6.953243334287785
8.051855622955895
7.358708442395948
6.953243334287785
8.051855622955895
8.051855622955895
5.9724140812760576
8.051855622955895
5.749270529961848
6.665561261836003
8.051855622955895
8.051855622955895
8.051855622955895
8.051855622955895
8.051855622955895
6.953243334287785
8.051855622955895
8.051855622955895
8.051855622955895
8.051855622955895
7.358708442395948
3.9575110607337933
8.051855622955895
8.051855622955895
7.358708442395948
8.051855622955895
6.665561261836003
6.953243334287785
8.051855622955895
8.051855622955895
8.051855622955895
6.953243334287785
6.10594547390058
6.953243334287785
7.358708442395948
3.264363880173848
8.051855622955895
8.051855622955895
8.051855622955895
8.051855622955895
7.358708442395948
8.051855622955895
5.854631045619675
4.338283556251586
8.051855622955895
8.051855622955895
8.051855622955895
6.665561261836003
8.051855622955895
6.665561261836003
7.358708442395948
8.051855622955895
7.358708442395948
6.953243334287785
5.854631045619675
6.442417710521793
6.665561261836003
6.953243334287785
6.953243334287785
8.051855622955895
8.051855622955895
8.051855622955895
7.358708442395948
7.358708442395948
8.051855622955895
8.051855622955895
6.10594547390058
8.051855622955895
7.358708442395948
7.358708442395948
8.051855622955895
8.051855622955895
8.051855622955895
8.051855622955895
7.358708442395948
8.051855622955895
7.358708442395948
8.051855622955895
8.051855622955895
6.953243334287785
6.442417710521793
8.051855622955895
7.358708442395948
3.264363880173848
8.051855622955895
7.358708442395948
8.051855622955895
8.051855622955895
8.051855622955895
7.358708442395948
6.442417710521793
5.9724140812760576
8.051855622955895
8.051855622955895
8.051855622955895
8.051855622955895
6.953243334287785
8.051855622955895
8.051855622955895
8.051855622955895
6.953243334287785
8.051855622955895
8.051855622955895
8.051855622955895
8.051855622955895
6.953243334287785
8.051855622955895
6.10594547390058
5.9724140812760576
8.051855622955895
4.555348061489413
8.051855622955895
8.051855622955895
7.358708442395948
8.051855622955895
5.854631045619675
7.358708442395948
6.953243334287785
8.051855622955895
8.051855622955895
7.358708442395948
8.051855622955895
8.051855622955895
6.665561261836003
8.051855622955895
8.051855622955895
8.051855622955895
4.06287157639162
7.358708442395948
7.358708442395948
7.358708442395948
4.586119720156168
7.358708442395948
8.051855622955895
8.051855622955895
8.051855622955895
5.4869062654943574
8.051855622955895
4.0088043551213435
8.051855622955895
6.260096153727839
6.953243334287785
7.358708442395948
8.051855622955895
8.051855622955895
8.051855622955895
8.051855622955895
8.051855622955895
8.051855622955895
8.051855622955895
8.051855622955895
8.051855622955895
8.051855622955895
8.051855622955895
8.051855622955895
8.051855622955895
8.051855622955895
8.051855622955895
8.051855622955895
8.051855622955895
8.051855622955895
6.10594547390058
7.358708442395948
6.665561261836003
8.051855622955895
8.051855622955895
8.051855622955895
6.665561261836003
8.051855622955895
5.412798293340635
4.3882939768262474
5.343805421853684
8.051855622955895
5.854631045619675
8.051855622955895
8.051855622955895
5.854631045619675
7.358708442395948
6.953243334287785
6.665561261836003
7.358708442395948
8.051855622955895
8.051855622955895
8.051855622955895
8.051855622955895
6.10594547390058
4.338283556251586
8.051855622955895
7.358708442395948
8.051855622955895
4.180654612048003
7.358708442395948
7.358708442395948
8.051855622955895
8.051855622955895
8.051855622955895
7.358708442395948
7.358708442395948
8.051855622955895
8.051855622955895
8.051855622955895
8.051855622955895
5.1074166437894535
8.051855622955895
8.051855622955895
8.051855622955895
8.051855622955895
6.953243334287785
8.051855622955895
7.358708442395948
8.051855622955895
7.358708442395948
8.051855622955895
8.051855622955895
8.051855622955895
8.051855622955895
8.051855622955895
8.051855622955895
8.051855622955895
7.358708442395948
8.051855622955895
8.051855622955895
8.051855622955895
8.051855622955895
8.051855622955895
8.051855622955895
3.446685436967803
3.446685436967803
8.051855622955895
8.051855622955895
5.343805421853684
8.051855622955895
4.139832617527748
8.051855622955895
8.051855622955895
8.051855622955895
7.358708442395948
7.358708442395948
4.68455979296942
7.358708442395948
8.051855622955895
6.260096153727839
8.051855622955895
8.051855622955895
6.665561261836003
8.051855622955895
6.442417710521793
6.953243334287785
5.9724140812760576
8.051855622955895
4.525495098339732
8.051855622955895
7.358708442395948
8.051855622955895
8.051855622955895
8.051855622955895
7.358708442395948
8.051855622955895
5.4869062654943574
8.051855622955895
5.4869062654943574
5.1074166437894535
7.358708442395948
2.0259896491305796
5.161483865059729
8.051855622955895
8.051855622955895
8.051855622955895
3.633015015159296
7.358708442395948
7.358708442395948
7.358708442395948
8.051855622955895
7.358708442395948
8.051855622955895
8.051855622955895
8.051855622955895
8.051855622955895
8.051855622955895
3.0149030205422647
8.051855622955895
8.051855622955895
8.051855622955895
8.051855622955895
4.525495098339732
8.051855622955895
8.051855622955895
8.051855622955895
5.4869062654943574
8.051855622955895
5.9724140812760576
7.358708442395948
7.358708442395948
8.051855622955895
8.051855622955895
8.051855622955895
8.051855622955895
7.358708442395948
8.051855622955895
8.051855622955895
7.358708442395948
4.3882939768262474
6.953243334287785
8.051855622955895
6.442417710521793
8.051855622955895
8.051855622955895
6.10594547390058
5.749270529961848
7.358708442395948
8.051855622955895
7.358708442395948
8.051855622955895
8.051855622955895
5.566948973167894
8.051855622955895
5.653960350157523
5.749270529961848
7.358708442395948
5.343805421853684
8.051855622955895
8.051855622955895
7.358708442395948
5.218642278899678
8.051855622955895
7.358708442395948
8.051855622955895
8.051855622955895
8.051855622955895
8.051855622955895
8.051855622955895
6.665561261836003
8.051855622955895
8.051855622955895
8.051855622955895
8.051855622955895
8.051855622955895
8.051855622955895
8.051855622955895
8.051855622955895
8.051855622955895
6.953243334287785
2.864469817115139
6.260096153727839
8.051855622955895
7.358708442395948
8.051855622955895
8.051855622955895
8.051855622955895
8.051855622955895
8.051855622955895
4.793759084934411
8.051855622955895
8.051855622955895
8.051855622955895
4.916361407026744
8.051855622955895
8.051855622955895
6.665561261836003
6.260096153727839
7.358708442395948
7.358708442395948
8.051855622955895
6.665561261836003
8.051855622955895
7.358708442395948
8.051855622955895
8.051855622955895
3.3333567516607996
7.358708442395948
5.279266900716113
7.358708442395948
6.442417710521793
8.051855622955895
8.051855622955895
8.051855622955895
8.051855622955895
6.442417710521793
6.665561261836003
8.051855622955895
6.953243334287785
4.414269463229508
8.051855622955895
8.051855622955895
8.051855622955895
8.051855622955895
7.358708442395948
8.051855622955895
6.665561261836003
8.051855622955895
8.051855622955895
8.051855622955895
8.051855622955895
8.051855622955895
8.051855622955895
7.358708442395948
8.051855622955895
4.832979798087694
6.953243334287785
7.358708442395948
6.442417710521793
8.051855622955895
8.051855622955895
7.358708442395948
8.051855622955895
8.051855622955895
8.051855622955895
8.051855622955895
8.051855622955895
8.051855622955895
7.358708442395948
8.051855622955895
8.051855622955895
8.051855622955895
8.051855622955895
7.358708442395948
8.051855622955895
8.051855622955895
4.49650756146648
8.051855622955895
5.007333185232471
8.051855622955895
8.051855622955895
8.051855622955895
5.412798293340635
6.10594547390058
8.051855622955895
7.358708442395948
7.358708442395948
8.051855622955895
6.10594547390058
8.051855622955895
8.051855622955895
5.4869062654943574
5.279266900716113
6.665561261836003
8.051855622955895
8.051855622955895
7.358708442395948
8.051855622955895
6.953243334287785
8.051855622955895
8.051855622955895
8.051855622955895
8.051855622955895
8.051855622955895
5.9724140812760576
6.665561261836003
6.665561261836003
7.358708442395948
8.051855622955895
6.442417710521793
8.051855622955895
7.358708442395948
5.343805421853684
5.749270529961848
8.051855622955895
7.358708442395948
8.051855622955895
8.051855622955895
7.358708442395948
8.051855622955895
7.358708442395948
8.051855622955895
8.051855622955895
4.245193133185574
5.4869062654943574
7.358708442395948
5.9724140812760576
8.051855622955895
8.051855622955895
8.051855622955895
6.260096153727839
8.051855622955895
8.051855622955895
7.358708442395948
8.051855622955895
8.051855622955895
8.051855622955895
7.358708442395948
8.051855622955895
7.358708442395948
5.412798293340635
6.953243334287785
8.051855622955895
8.051855622955895
6.260096153727839
5.854631045619675
7.358708442395948
7.358708442395948
5.854631045619675
8.051855622955895
6.953243334287785
6.442417710521793
6.953243334287785
6.953243334287785
7.358708442395948
8.051855622955895
5.161483865059729
5.854631045619675
8.051855622955895
5.007333185232471
8.051855622955895
8.051855622955895
6.953243334287785
6.953243334287785
8.051855622955895
8.051855622955895
8.051855622955895
6.953243334287785
8.051855622955895
6.665561261836003
5.279266900716113
6.953243334287785
8.051855622955895
8.051855622955895
8.051855622955895
8.051855622955895
8.051855622955895
6.953243334287785
8.051855622955895
8.051855622955895
8.051855622955895
8.051855622955895
8.051855622955895
6.442417710521793
6.953243334287785
7.358708442395948
8.051855622955895
6.665561261836003
6.442417710521793
8.051855622955895
8.051855622955895
6.953243334287785
8.051855622955895
7.358708442395948
7.358708442395948
8.051855622955895
5.1074166437894535
5.007333185232471
7.358708442395948
6.665561261836003
5.854631045619675
5.4869062654943574
8.051855622955895
6.953243334287785
7.358708442395948
5.343805421853684
6.260096153727839
5.566948973167894
8.051855622955895
5.653960350157523
5.566948973167894
8.051855622955895
8.051855622955895
8.051855622955895
8.051855622955895
8.051855622955895
5.749270529961848
4.468336684499784
5.854631045619675
8.051855622955895
6.665561261836003
8.051855622955895
5.007333185232471
5.854631045619675
8.051855622955895
8.051855622955895
8.051855622955895
6.953243334287785
8.051855622955895
8.051855622955895
8.051855622955895
8.051855622955895
6.260096153727839
8.051855622955895
7.358708442395948
8.051855622955895
8.051855622955895
8.051855622955895
8.051855622955895
4.414269463229508
6.260096153727839
6.953243334287785
8.051855622955895
4.873801792607948
8.051855622955895
3.908720896564361
8.051855622955895
7.358708442395948
3.264363880173848
5.007333185232471
8.051855622955895
8.051855622955895
6.665561261836003
8.051855622955895
8.051855622955895
8.051855622955895
8.051855622955895
5.749270529961848
8.051855622955895
8.051855622955895
7.358708442395948
8.051855622955895
7.358708442395948
6.953243334287785
8.051855622955895
8.051855622955895
8.051855622955895
8.051855622955895
5.653960350157523
8.051855622955895
5.854631045619675
8.051855622955895
7.358708442395948
7.358708442395948
5.566948973167894
8.051855622955895
7.358708442395948
8.051855622955895
8.051855622955895
8.051855622955895
8.051855622955895
5.056123349401903
6.953243334287785
5.412798293340635
6.953243334287785
6.10594547390058
6.260096153727839
4.586119720156168
5.9724140812760576
8.051855622955895
8.051855622955895
8.051855622955895
6.953243334287785
6.442417710521793
8.051855622955895
8.051855622955895
6.953243334287785
8.051855622955895
8.051855622955895
8.051855622955895
8.051855622955895
8.051855622955895
8.051855622955895
7.358708442395948
7.358708442395948
8.051855622955895
8.051855622955895
8.051855622955895
8.051855622955895
5.749270529961848
7.358708442395948
5.566948973167894
8.051855622955895
8.051855622955895
7.358708442395948
5.007333185232471
8.051855622955895
8.051855622955895
8.051855622955895
8.051855622955895
8.051855622955895
6.953243334287785
8.051855622955895
7.358708442395948
5.749270529961848
8.051855622955895
7.358708442395948
8.051855622955895
5.749270529961848
8.051855622955895
7.358708442395948
8.051855622955895
8.051855622955895
8.051855622955895
7.358708442395948
7.358708442395948
8.051855622955895
7.358708442395948
7.358708442395948
8.051855622955895
7.358708442395948
7.358708442395948
6.953243334287785
8.051855622955895
8.051855622955895
6.442417710521793
8.051855622955895
8.051855622955895
7.358708442395948
8.051855622955895
6.260096153727839
6.953243334287785
5.9724140812760576
6.260096153727839
6.953243334287785
8.051855622955895
8.051855622955895
8.051855622955895
6.442417710521793
8.051855622955895
7.358708442395948
8.051855622955895
8.051855622955895
7.358708442395948
7.358708442395948
8.051855622955895
8.051855622955895
6.953243334287785
8.051855622955895
7.358708442395948
8.051855622955895
7.358708442395948
5.653960350157523
6.260096153727839
7.358708442395948
4.267665989037633
8.051855622955895
8.051855622955895
8.051855622955895
8.051855622955895
8.051855622955895
8.051855622955895
6.953243334287785
6.260096153727839
8.051855622955895
8.051855622955895
8.051855622955895
8.051855622955895
8.051855622955895
8.051855622955895
8.051855622955895
8.051855622955895
8.051855622955895
8.051855622955895
8.051855622955895
8.051855622955895
6.953243334287785
8.051855622955895
8.051855622955895
8.051855622955895
5.279266900716113
8.051855622955895
8.051855622955895
8.051855622955895
5.854631045619675
8.051855622955895
4.0088043551213435
8.051855622955895
6.665561261836003
8.051855622955895
8.051855622955895
6.665561261836003
8.051855622955895
7.358708442395948
8.051855622955895
8.051855622955895
8.051855622955895
7.358708442395948
6.665561261836003
7.358708442395948
8.051855622955895
8.051855622955895
8.051855622955895
7.358708442395948
8.051855622955895
8.051855622955895
8.051855622955895
4.6178684184707475
7.358708442395948
6.953243334287785
6.442417710521793
7.358708442395948
7.358708442395948
5.854631045619675
8.051855622955895
8.051855622955895
7.358708442395948
6.665561261836003
7.358708442395948
8.051855622955895
6.665561261836003
6.953243334287785
6.260096153727839
6.953243334287785
8.051855622955895
6.665561261836003
8.051855622955895
7.358708442395948
8.051855622955895
8.051855622955895
6.442417710521793
7.358708442395948
6.260096153727839
8.051855622955895
8.051855622955895
6.953243334287785
8.051855622955895
8.051855622955895
7.358708442395948
8.051855622955895
8.051855622955895
5.4869062654943574
8.051855622955895
6.260096153727839
8.051855622955895
6.260096153727839
8.051855622955895
8.051855622955895
8.051855622955895
8.051855622955895
6.953243334287785
8.051855622955895
8.051855622955895
7.358708442395948
8.051855622955895
8.051855622955895
6.953243334287785
8.051855622955895
6.442417710521793
8.051855622955895
8.051855622955895
6.953243334287785
7.358708442395948
8.051855622955895
8.051855622955895
6.953243334287785
7.358708442395948
8.051855622955895
7.358708442395948
8.051855622955895
7.358708442395948
8.051855622955895
8.051855622955895
8.051855622955895
6.665561261836003
4.650658241293739
6.260096153727839
6.953243334287785
6.953243334287785
7.358708442395948
4.793759084934411
5.854631045619675
7.358708442395948
8.051855622955895
7.358708442395948
7.358708442395948
8.051855622955895
8.051855622955895
5.566948973167894
5.056123349401903
6.442417710521793
8.051855622955895
8.051855622955895
6.442417710521793
5.653960350157523
6.260096153727839
5.854631045619675
6.665561261836003
7.358708442395948
5.279266900716113
6.442417710521793
6.665561261836003
8.051855622955895
6.260096153727839
5.343805421853684
8.051855622955895
4.7560187569515655
5.343805421853684
8.051855622955895
3.8177491183586345
3.747790529751724
3.5520459526256287
8.051855622955895
7.358708442395948
8.051855622955895
6.953243334287785
5.279266900716113
8.051855622955895
8.051855622955895
8.051855622955895
8.051855622955895
7.358708442395948
8.051855622955895
7.358708442395948
7.358708442395948
7.358708442395948
8.051855622955895
8.051855622955895
6.953243334287785
7.358708442395948
8.051855622955895
8.051855622955895
8.051855622955895
8.051855622955895
8.051855622955895
7.358708442395948
8.051855622955895
7.358708442395948
6.953243334287785
8.051855622955895
6.953243334287785
8.051855622955895
3.695146796266302
7.358708442395948
6.953243334287785
5.343805421853684
5.566948973167894
8.051855622955895
7.358708442395948
6.953243334287785
8.051855622955895
1.5490655770402704
5.161483865059729
7.358708442395948
3.908720896564361
6.953243334287785
7.358708442395948
8.051855622955895
8.051855622955895
8.051855622955895
8.051855622955895
8.051855622955895
5.279266900716113
7.358708442395948
8.051855622955895
8.051855622955895
7.358708442395948
8.051855622955895
8.051855622955895
8.051855622955895
8.051855622955895
8.051855622955895
8.051855622955895
3.446685436967803
8.051855622955895
6.665561261836003
6.260096153727839
7.358708442395948
8.051855622955895
8.051855622955895
8.051855622955895
8.051855622955895
8.051855622955895
8.051855622955895
8.051855622955895
8.051855622955895
8.051855622955895
7.358708442395948
8.051855622955895
6.260096153727839
8.051855622955895
8.051855622955895
8.051855622955895
6.953243334287785
8.051855622955895
8.051855622955895
7.358708442395948
8.051855622955895
8.051855622955895
6.442417710521793
7.358708442395948
8.051855622955895
3.4875074314880576
6.665561261836003
6.260096153727839
6.442417710521793
8.051855622955895
5.749270529961848
6.10594547390058
6.442417710521793
6.260096153727839
8.051855622955895
8.051855622955895
8.051855622955895
8.051855622955895
8.051855622955895
7.358708442395948
6.953243334287785
8.051855622955895
8.051855622955895
8.051855622955895
3.6210388241125804
6.665561261836003
8.051855622955895
8.051855622955895
8.051855622955895
4.916361407026744
8.051855622955895
8.051855622955895
8.051855622955895
8.051855622955895
8.051855622955895
6.442417710521793
8.051855622955895
8.051855622955895
5.566948973167894
8.051855622955895
8.051855622955895
6.665561261836003
8.051855622955895
8.051855622955895
7.358708442395948
7.358708442395948
8.051855622955895
8.051855622955895
8.051855622955895
6.10594547390058
8.051855622955895
8.051855622955895
5.749270529961848
7.358708442395948
7.358708442395948
5.566948973167894
6.10594547390058
8.051855622955895
7.358708442395948
8.051855622955895
8.051855622955895
7.358708442395948
8.051855622955895
8.051855622955895
6.10594547390058
8.051855622955895
8.051855622955895
8.051855622955895
8.051855622955895
8.051855622955895
8.051855622955895
8.051855622955895
8.051855622955895
8.051855622955895
8.051855622955895
8.051855622955895
8.051855622955895
5.9724140812760576
8.051855622955895
6.665561261836003
8.051855622955895
8.051855622955895
8.051855622955895
7.358708442395948
4.586119720156168
8.051855622955895
8.051855622955895
8.051855622955895
7.358708442395948
8.051855622955895
8.051855622955895
8.051855622955895
6.665561261836003
8.051855622955895
8.051855622955895
8.051855622955895
8.051855622955895
6.665561261836003
8.051855622955895
7.358708442395948
4.68455979296942
8.051855622955895
7.358708442395948
8.051855622955895
8.051855622955895
7.358708442395948
7.358708442395948
6.442417710521793
8.051855622955895
6.10594547390058
7.358708442395948
4.3882939768262474
8.051855622955895
8.051855622955895
8.051855622955895
6.260096153727839
6.953243334287785
8.051855622955895
8.051855622955895
7.358708442395948
8.051855622955895
8.051855622955895
7.358708442395948
8.051855622955895
7.358708442395948
5.9724140812760576
8.051855622955895
8.051855622955895
7.358708442395948
5.854631045619675
7.358708442395948
8.051855622955895
8.051855622955895
8.051855622955895
8.051855622955895
8.051855622955895
7.358708442395948
6.442417710521793
7.358708442395948
8.051855622955895
6.953243334287785
5.343805421853684
8.051855622955895
8.051855622955895
6.953243334287785
8.051855622955895
7.358708442395948
8.051855622955895
3.9247212379108025
8.051855622955895
8.051855622955895
6.10594547390058
8.051855622955895
6.953243334287785
5.9724140812760576
7.358708442395948
8.051855622955895
6.953243334287785
6.442417710521793
8.051855622955895
6.10594547390058
8.051855622955895
7.358708442395948
7.358708442395948
8.051855622955895
8.051855622955895
8.051855622955895
8.051855622955895
4.2232142264668
8.051855622955895
6.665561261836003
8.051855622955895
8.051855622955895
8.051855622955895
6.442417710521793
8.051855622955895
6.10594547390058
8.051855622955895
6.953243334287785
8.051855622955895
8.051855622955895
8.051855622955895
8.051855622955895
6.953243334287785
8.051855622955895
8.051855622955895
6.953243334287785
8.051855622955895
8.051855622955895
8.051855622955895
8.051855622955895
8.051855622955895
8.051855622955895
7.358708442395948
8.051855622955895
6.665561261836003
5.161483865059729
8.051855622955895
8.051855622955895
8.051855622955895
8.051855622955895
5.749270529961848
6.953243334287785
8.051855622955895
7.358708442395948
8.051855622955895
8.051855622955895
8.051855622955895
5.9724140812760576
8.051855622955895
5.4869062654943574
6.260096153727839
6.665561261836003
8.051855622955895
8.051855622955895
8.051855622955895
8.051855622955895
6.260096153727839
8.051855622955895
7.358708442395948
6.953243334287785
6.953243334287785
6.442417710521793
6.953243334287785
6.953243334287785
7.358708442395948
8.051855622955895
5.749270529961848
4.468336684499784
8.051855622955895
8.051855622955895
8.051855622955895
8.051855622955895
5.566948973167894
6.953243334287785
8.051855622955895
8.051855622955895
6.665561261836003
8.051855622955895
4.0088043551213435
8.051855622955895
8.051855622955895
6.953243334287785
8.051855622955895
8.051855622955895
8.051855622955895
8.051855622955895
8.051855622955895
8.051855622955895
7.358708442395948
8.051855622955895
8.051855622955895
8.051855622955895
8.051855622955895
7.358708442395948
6.953243334287785
6.442417710521793
8.051855622955895
8.051855622955895
8.051855622955895
7.358708442395948
5.218642278899678
4.026503932220745
7.358708442395948
7.358708442395948
8.051855622955895
7.358708442395948
8.051855622955895
8.051855622955895
8.051855622955895
8.051855622955895
8.051855622955895
8.051855622955895
6.953243334287785
6.953243334287785
8.051855622955895
7.358708442395948
4.6178684184707475
6.10594547390058
8.051855622955895
5.9724140812760576
8.051855622955895
7.358708442395948
7.358708442395948
7.358708442395948
5.279266900716113
3.7211222826695627
6.953243334287785
8.051855622955895
8.051855622955895
6.665561261836003
8.051855622955895
8.051855622955895
8.051855622955895
5.9724140812760576
8.051855622955895
8.051855622955895
5.007333185232471
8.051855622955895
5.653960350157523
8.051855622955895
8.051855622955895
8.051855622955895
7.358708442395948
5.566948973167894
8.051855622955895
8.051855622955895
8.051855622955895
8.051855622955895
6.260096153727839
6.260096153727839
6.953243334287785
8.051855622955895
6.665561261836003
7.358708442395948
8.051855622955895
8.051855622955895
6.953243334287785
8.051855622955895
8.051855622955895
8.051855622955895
8.051855622955895
8.051855622955895
6.953243334287785
8.051855622955895
5.218642278899678
6.953243334287785
8.051855622955895
8.051855622955895
7.358708442395948
7.358708442395948
8.051855622955895
4.586119720156168
4.6178684184707475
8.051855622955895
8.051855622955895
8.051855622955895
5.1074166437894535
8.051855622955895
8.051855622955895
8.051855622955895
5.749270529961848
8.051855622955895
8.051855622955895
8.051855622955895
6.953243334287785
8.051855622955895
8.051855622955895
8.051855622955895
8.051855622955895
8.051855622955895
8.051855622955895
8.051855622955895
8.051855622955895
6.442417710521793
8.051855622955895
8.051855622955895
8.051855622955895
5.9724140812760576
8.051855622955895
6.10594547390058
4.290655507262331
7.358708442395948
8.051855622955895
8.051855622955895
4.7560187569515655
8.051855622955895
8.051855622955895
6.953243334287785
6.953243334287785
8.051855622955895
8.051855622955895
6.10594547390058
6.953243334287785
6.953243334287785
8.051855622955895
7.358708442395948
8.051855622955895
8.051855622955895
8.051855622955895
6.665561261836003
8.051855622955895
6.442417710521793
7.358708442395948
8.051855622955895
4.793759084934411
8.051855622955895
4.71965111278069
7.358708442395948
6.953243334287785
8.051855622955895
8.051855622955895
8.051855622955895
4.873801792607948
5.9724140812760576
8.051855622955895
8.051855622955895
8.051855622955895
8.051855622955895
8.051855622955895
5.854631045619675
5.566948973167894
6.665561261836003
8.051855622955895
6.442417710521793
5.854631045619675
6.260096153727839
8.051855622955895
6.953243334287785
6.442417710521793
7.358708442395948
8.051855622955895
6.442417710521793
8.051855622955895
8.051855622955895
8.051855622955895
8.051855622955895
8.051855622955895
4.916361407026744
2.6008171693901936
8.051855622955895
8.051855622955895
3.4367351061146345
8.051855622955895
6.10594547390058
8.051855622955895
8.051855622955895
6.953243334287785
4.793759084934411
5.9724140812760576
6.665561261836003
8.051855622955895
8.051855622955895
8.051855622955895
4.525495098339732
5.566948973167894
7.358708442395948
8.051855622955895
8.051855622955895
8.051855622955895
8.051855622955895
8.051855622955895
8.051855622955895
8.051855622955895
6.953243334287785
6.953243334287785
8.051855622955895
7.358708442395948
8.051855622955895
8.051855622955895
7.358708442395948
8.051855622955895
8.051855622955895
4.71965111278069
5.653960350157523
6.665561261836003
5.653960350157523
6.665561261836003
4.586119720156168
5.279266900716113
8.051855622955895
8.051855622955895
6.665561261836003
6.442417710521793
5.343805421853684
5.653960350157523
8.051855622955895
7.358708442395948
7.358708442395948
8.051855622955895
8.051855622955895
7.358708442395948
8.051855622955895
6.442417710521793
8.051855622955895
8.051855622955895
8.051855622955895
8.051855622955895
8.051855622955895
7.358708442395948
8.051855622955895
6.953243334287785
8.051855622955895
8.051855622955895
7.358708442395948
8.051855622955895
8.051855622955895
8.051855622955895
7.358708442395948
6.10594547390058
7.358708442395948
6.260096153727839
6.953243334287785
7.358708442395948
7.358708442395948
7.358708442395948
8.051855622955895
6.442417710521793
8.051855622955895
5.218642278899678
8.051855622955895
6.260096153727839
7.358708442395948
8.051855622955895
8.051855622955895
8.051855622955895
7.358708442395948
6.953243334287785
7.358708442395948
8.051855622955895
8.051855622955895
8.051855622955895
5.854631045619675
8.051855622955895
8.051855622955895
4.362976168841957
8.051855622955895
8.051855622955895
8.051855622955895
8.051855622955895
8.051855622955895
4.440937710311669
5.9724140812760576
8.051855622955895
5.4869062654943574
6.665561261836003
8.051855622955895
7.358708442395948
8.051855622955895
8.051855622955895
8.051855622955895
8.051855622955895
4.201708021245835
8.051855622955895
8.051855622955895
8.051855622955895
8.051855622955895
6.953243334287785
8.051855622955895
5.1074166437894535
8.051855622955895
8.051855622955895
6.442417710521793
6.953243334287785
8.051855622955895
8.051855622955895
8.051855622955895
7.358708442395948
8.051855622955895
8.051855622955895
7.358708442395948
8.051855622955895
8.051855622955895
7.358708442395948
8.051855622955895
8.051855622955895
7.358708442395948
6.953243334287785
8.051855622955895
6.442417710521793
8.051855622955895
7.358708442395948
8.051855622955895
8.051855622955895
8.051855622955895
6.442417710521793
8.051855622955895
7.358708442395948
8.051855622955895
6.442417710521793
8.051855622955895
8.051855622955895
8.051855622955895
8.051855622955895
8.051855622955895
8.051855622955895
8.051855622955895
8.051855622955895
8.051855622955895
5.653960350157523
8.051855622955895
8.051855622955895
7.358708442395948
6.953243334287785
6.953243334287785
8.051855622955895
8.051855622955895
6.665561261836003
8.051855622955895
8.051855622955895
7.358708442395948
8.051855622955895
7.358708442395948
8.051855622955895
7.358708442395948
6.665561261836003
7.358708442395948
8.051855622955895
8.051855622955895
8.051855622955895
8.051855622955895
8.051855622955895
7.358708442395948
8.051855622955895
8.051855622955895
8.051855622955895
8.051855622955895
8.051855622955895
8.051855622955895
8.051855622955895
7.358708442395948
6.953243334287785
8.051855622955895
8.051855622955895
8.051855622955895
7.358708442395948
8.051855622955895
8.051855622955895
8.051855622955895
8.051855622955895
8.051855622955895
8.051855622955895
8.051855622955895
8.051855622955895
8.051855622955895
8.051855622955895
8.051855622955895
6.665561261836003
7.358708442395948
7.358708442395948
8.051855622955895
8.051855622955895
8.051855622955895
7.358708442395948
8.051855622955895
8.051855622955895
6.10594547390058
7.358708442395948
7.358708442395948
6.260096153727839
7.358708442395948
8.051855622955895
8.051855622955895
8.051855622955895
8.051855622955895
4.245193133185574
8.051855622955895
8.051855622955895
8.051855622955895
8.051855622955895
8.051855622955895
7.358708442395948
8.051855622955895
7.358708442395948
8.051855622955895
8.051855622955895
8.051855622955895
8.051855622955895
6.442417710521793
6.953243334287785
6.442417710521793
8.051855622955895
8.051855622955895
6.260096153727839
6.953243334287785
8.051855622955895
8.051855622955895
8.051855622955895
8.051855622955895
8.051855622955895
7.358708442395948
7.358708442395948
7.358708442395948
6.260096153727839
7.358708442395948
6.665561261836003
8.051855622955895
7.358708442395948
4.873801792607948
8.051855622955895
8.051855622955895
8.051855622955895
6.953243334287785
6.953243334287785
3.256065077359153
8.051855622955895
7.358708442395948
8.051855622955895
5.1074166437894535
8.051855622955895
6.260096153727839
7.358708442395948
8.051855622955895
8.051855622955895
8.051855622955895
8.051855622955895
8.051855622955895
6.953243334287785
8.051855622955895
8.051855622955895
8.051855622955895
8.051855622955895
7.358708442395948
6.953243334287785
6.953243334287785
8.051855622955895
8.051855622955895
8.051855622955895
7.358708442395948
8.051855622955895
3.2235418856535927
8.051855622955895
8.051855622955895
8.051855622955895
8.051855622955895
8.051855622955895
8.051855622955895
6.953243334287785
7.358708442395948
8.051855622955895
8.051855622955895
8.051855622955895
7.358708442395948
6.442417710521793
8.051855622955895
8.051855622955895
7.358708442395948
8.051855622955895
7.358708442395948
8.051855622955895
7.358708442395948
8.051855622955895
5.412798293340635
7.358708442395948
8.051855622955895
8.051855622955895
8.051855622955895
7.358708442395948
5.9724140812760576
8.051855622955895
7.358708442395948
7.358708442395948
4.314186004672526
6.953243334287785
7.358708442395948
5.653960350157523
8.051855622955895
8.051855622955895
6.953243334287785
7.358708442395948
6.665561261836003
8.051855622955895
8.051855622955895
7.358708442395948
6.953243334287785
8.051855622955895
8.051855622955895
8.051855622955895
8.051855622955895
6.953243334287785
8.051855622955895
8.051855622955895
6.953243334287785
8.051855622955895
5.566948973167894
8.051855622955895
8.051855622955895
8.051855622955895
6.953243334287785
8.051855622955895
7.358708442395948
8.051855622955895
8.051855622955895
7.358708442395948
4.139832617527748
8.051855622955895
5.854631045619675
8.051855622955895
6.442417710521793
8.051855622955895
8.051855622955895
8.051855622955895
8.051855622955895
6.665561261836003
7.358708442395948
6.953243334287785
8.051855622955895
8.051855622955895
8.051855622955895
7.358708442395948
8.051855622955895
7.358708442395948
7.358708442395948
6.953243334287785
8.051855622955895
8.051855622955895
6.953243334287785
8.051855622955895
8.051855622955895
8.051855622955895
8.051855622955895
5.9724140812760576
5.279266900716113
8.051855622955895
8.051855622955895
8.051855622955895
8.051855622955895
7.358708442395948
8.051855622955895
8.051855622955895
6.665561261836003
6.665561261836003
8.051855622955895
6.953243334287785
3.9914126124094746
8.051855622955895
8.051855622955895
4.873801792607948
8.051855622955895
8.051855622955895
3.775189503939839
8.051855622955895
8.051855622955895
6.442417710521793
3.1843211725003115
8.051855622955895
7.358708442395948
3.9247212379108025
6.665561261836003
8.051855622955895
5.056123349401903
6.442417710521793
6.953243334287785
8.051855622955895
6.953243334287785
8.051855622955895
8.051855622955895
8.051855622955895
8.051855622955895
8.051855622955895
6.665561261836003
8.051855622955895
6.953243334287785
5.749270529961848
5.854631045619675
6.260096153727839
6.953243334287785
8.051855622955895
7.358708442395948
8.051855622955895
8.051855622955895
8.051855622955895
7.358708442395948
8.051855622955895
8.051855622955895
7.358708442395948
8.051855622955895
8.051855622955895
8.051855622955895
5.9724140812760576
8.051855622955895
6.10594547390058
8.051855622955895
7.358708442395948
8.051855622955895
8.051855622955895
8.051855622955895
7.358708442395948
7.358708442395948
7.358708442395948
8.051855622955895
8.051855622955895
7.358708442395948
8.051855622955895
6.953243334287785
7.358708442395948
8.051855622955895
8.051855622955895
8.051855622955895
8.051855622955895
8.051855622955895
8.051855622955895
7.358708442395948
5.749270529961848
8.051855622955895
7.358708442395948
8.051855622955895
6.442417710521793
7.358708442395948
8.051855622955895
5.9724140812760576
8.051855622955895
7.358708442395948
8.051855622955895
8.051855622955895
8.051855622955895
8.051855622955895
8.051855622955895
8.051855622955895
8.051855622955895
8.051855622955895
8.051855622955895
5.653960350157523
8.051855622955895
8.051855622955895
8.051855622955895
8.051855622955895
8.051855622955895
8.051855622955895
8.051855622955895
8.051855622955895
8.051855622955895
8.051855622955895
8.051855622955895
8.051855622955895
8.051855622955895
8.051855622955895
7.358708442395948
8.051855622955895
8.051855622955895
6.260096153727839
8.051855622955895
8.051855622955895
6.953243334287785
8.051855622955895
8.051855622955895
6.953243334287785
8.051855622955895
6.953243334287785
8.051855622955895
8.051855622955895
8.051855622955895
8.051855622955895
8.051855622955895
8.051855622955895
8.051855622955895
8.051855622955895
8.051855622955895
8.051855622955895
8.051855622955895
8.051855622955895
8.051855622955895
8.051855622955895
8.051855622955895
8.051855622955895
8.051855622955895
8.051855622955895
8.051855622955895
8.051855622955895
6.442417710521793
6.953243334287785
8.051855622955895
6.442417710521793
8.051855622955895
5.566948973167894
7.358708442395948
8.051855622955895
8.051855622955895
6.10594547390058
8.051855622955895
8.051855622955895
6.10594547390058
6.953243334287785
6.665561261836003
6.665561261836003
8.051855622955895
4.201708021245835
8.051855622955895
8.051855622955895
7.358708442395948
8.051855622955895
8.051855622955895
8.051855622955895
6.665561261836003
8.051855622955895
8.051855622955895
4.044522437723423
6.260096153727839
7.358708442395948
8.051855622955895
6.953243334287785
8.051855622955895
7.358708442395948
7.358708442395948
8.051855622955895
6.953243334287785
7.358708442395948
8.051855622955895
7.358708442395948
8.051855622955895
7.358708442395948
7.358708442395948
8.051855622955895
8.051855622955895
4.68455979296942
6.953243334287785
5.218642278899678
6.665561261836003
8.051855622955895
6.953243334287785
8.051855622955895
7.358708442395948
8.051855622955895
7.358708442395948
8.051855622955895
4.873801792607948
8.051855622955895
8.051855622955895
8.051855622955895
6.953243334287785
8.051855622955895
8.051855622955895
8.051855622955895
8.051855622955895
7.358708442395948
7.358708442395948
8.051855622955895
8.051855622955895
8.051855622955895
5.749270529961848
7.358708442395948
8.051855622955895
8.051855622955895
8.051855622955895
7.358708442395948
8.051855622955895
8.051855622955895
8.051855622955895
7.358708442395948
8.051855622955895
6.953243334287785
8.051855622955895
8.051855622955895
8.051855622955895
8.051855622955895
8.051855622955895
8.051855622955895
8.051855622955895
8.051855622955895
8.051855622955895
8.051855622955895
4.832979798087694
6.665561261836003
8.051855622955895
8.051855622955895
5.653960350157523
6.665561261836003
8.051855622955895
8.051855622955895
8.051855622955895
